505 1.366420
506 1.368335
507 1.370174
508 1.371941
509 1.373642
510 1.375280
511 1.376858
512 1.378380
513 1.379850
514 1.381269
515 1.382640
516 1.383967
517 1.385251
518 1.386494
519 1.387699
520 1.388867
521 1.390000
522 1.391100
523 1.392169
524 1.393207
525 1.394216
526 1.395197
527 1.396152
528 1.397081
529 1.397985
530 1.398866
531 1.399725
532 1.400561
533 1.401377
534 1.402172
535 1.402948
536 1.403705
537 1.404444
538 1.405166
539 1.405870
540 1.406559
541 1.407231
542 1.407889
543 1.408532
544 1.409160
545 1.409775
546 1.410376
547 1.410964
548 1.411540
549 1.412103
550 1.412655
551 1.413195
552 1.413725
553 1.414243
554 1.414751
555 1.415248
556 1.415736
557 1.416214
558 1.416683
559 1.417142
560 1.417593
561 1.418035
562 1.418469
563 1.418894
564 1.419311
565 1.419721
566 1.420123
567 1.420518
568 1.420905
569 1.421286
570 1.421659
571 1.422026
572 1.422386
573 1.422740
574 1.423088
575 1.423429
576 1.423765
577 1.424094
578 1.424418
579 1.424737
580 1.425049
581 1.425357
582 1.425659
583 1.425956
584 1.426248
585 1.426535
586 1.426817
587 1.427094
588 1.427367
589 1.427635
590 1.427899
591 1.428158
592 1.428413
593 1.428664
594 1.428911
595 1.429154
596 1.429393
597 1.429628
598 1.429860
599 1.430088
600 1.430312
601 1.430533
602 1.430750
603 1.430964
604 1.431174
605 1.431382
606 1.431586
607 1.431787
608 1.431985
609 1.432180
610 1.432372
611 1.432562
612 1.432748
613 1.432932
614 1.433113
615 1.433291
616 1.433467
617 1.433640
618 1.433811
619 1.433979
620 1.434145
621 1.434308
622 1.434470
623 1.434628
624 1.434785
625 1.434940
626 1.435092
627 1.435242
628 1.435390
629 1.435537
630 1.435681
631 1.435823
632 1.435964
633 1.436102
634 1.436239
635 1.436373
636 1.436507
637 1.436638
638 1.436768
639 1.436896
640 1.437022
641 1.437147
642 1.437270
643 1.437391
644 1.437511
645 1.437630
646 1.437747
647 1.437862
648 1.437976
649 1.438089
650 1.438200
651 1.438310
652 1.438418
653 1.438525
654 1.438631
655 1.438735
656 1.438839
657 1.438941
658 1.439041
659 1.439141
660 1.439239
661 1.439336
662 1.439432
663 1.439527
664 1.439620
665 1.439713
666 1.439804
667 1.439894
668 1.439983
669 1.440072
670 1.440159
671 1.440245
672 1.440330
673 1.440414
674 1.440497
675 1.440579
676 1.440660
677 1.440740
678 1.440819
679 1.440898
680 1.440975
681 1.441051
682 1.441127
683 1.441202
684 1.441276
685 1.441349
686 1.441421
687 1.441492
688 1.441563
689 1.441632
690 1.441701
691 1.441769
692 1.441837
693 1.441903
694 1.441969
695 1.442034
696 1.442099
697 1.442162
698 1.442225
699 1.442287
700 1.442349
701 1.442410
702 1.442470
703 1.442529
704 1.442588
705 1.442646
706 1.442704
707 1.442761
708 1.442817
709 1.442873
710 1.442928
711 1.442982
712 1.443036
713 1.443089
714 1.443142
715 1.443194
716 1.443245
717 1.443296
718 1.443346
719 1.443396
720 1.443445
721 1.443494
722 1.443542
723 1.443589
724 1.443636
725 1.443683
726 1.443729
727 1.443774
728 1.443819
729 1.443863
730 1.443907
731 1.443951
732 1.443994
733 1.444036
734 1.444078
735 1.444119
736 1.444160
737 1.444201
738 1.444241
739 1.444280
740 1.444319
741 1.444358
742 1.444396
743 1.444434
744 1.444471
745 1.444508
746 1.444544
747 1.444580
748 1.444615
749 1.444650
750 1.444685
751 1.444719
752 1.444753
753 1.444786
754 1.444819
755 1.444851
756 1.444884
757 1.444915
758 1.444947
759 1.444977
760 1.445008
761 1.445038
762 1.445068
763 1.445097
764 1.445126
765 1.445155
766 1.445183
767 1.445211
768 1.445238
769 1.445265
770 1.445292
771 1.445318
772 1.445344
773 1.445370
774 1.445395
775 1.445420
776 1.445445
777 1.445469
778 1.445493
779 1.445517
780 1.445540
781 1.445563
782 1.445586
783 1.445608
784 1.445630
785 1.445652
786 1.445673
787 1.445694
788 1.445715
789 1.445735
790 1.445755
791 1.445775
792 1.445795
793 1.445814
794 1.445833
795 1.445852
796 1.445870
797 1.445888
798 1.445906
799 1.445923
800 1.445941
801 1.445958
802 1.445974
803 1.445991
804 1.446007
805 1.446023
806 1.446039
807 1.446054
808 1.446069
809 1.446084
810 1.446099
811 1.446113
812 1.446128
813 1.446142
814 1.446155
815 1.446169
816 1.446182
817 1.446196
818 1.446208
819 1.446221
820 1.446234
821 1.446246
822 1.446258
823 1.446270
824 1.446282
825 1.446293
826 1.446305
827 1.446316
828 1.446327
829 1.446338
830 1.446348
831 1.446359
832 1.446369
833 1.446379
834 1.446389
835 1.446399
836 1.446409
837 1.446418
838 1.446427
839 1.446437
840 1.446446
841 1.446454
842 1.446463
843 1.446472
844 1.446480
845 1.446489
846 1.446497
847 1.446505
848 1.446513
849 1.446521
850 1.446528
851 1.446536
852 1.446543
853 1.446551
854 1.446558
855 1.446565
856 1.446572
857 1.446579
858 1.446586
859 1.446592
860 1.446599
861 1.446606
862 1.446612
863 1.446618
864 1.446625
865 1.446631
866 1.446637
867 1.446643
868 1.446649
869 1.446654
870 1.446660
871 1.446666
872 1.446671
873 1.446677
874 1.446682
875 1.446688
876 1.446693
877 1.446698
878 1.446703
879 1.446708
880 1.446713
881 1.446718
882 1.446723
883 1.446727
884 1.446732
885 1.446737
886 1.446741
887 1.446746
888 1.446750
889 1.446755
890 1.446759
891 1.446763
892 1.446767
893 1.446772
894 1.446776
895 1.446780
896 1.446784
897 1.446788
898 1.446792
899 1.446795
900 1.446799
901 1.446803
902 1.446807
903 1.446810
904 1.446814
905 1.446817
906 1.446821
907 1.446824
908 1.446828
909 1.446831
910 1.446835
911 1.446838
912 1.446841
913 1.446845
914 1.446848
915 1.446851
916 1.446854
917 1.446857
918 1.446860
919 1.446863
920 1.446866
921 1.446869
922 1.446872
923 1.446875
924 1.446878
925 1.446881
926 1.446883
927 1.446886
928 1.446889
929 1.446891
930 1.446894
931 1.446896
932 1.446899
933 1.446901
934 1.446904
935 1.446906
936 1.446909
937 1.446911
938 1.446913
939 1.446915
940 1.446918
941 1.446920
942 1.446922
943 1.446924
944 1.446926
945 1.446928
946 1.446930
947 1.446932
948 1.446934
949 1.446935
950 1.446937
951 1.446939
952 1.446941
953 1.446942
954 1.446944
955 1.446946
956 1.446947
957 1.446949
958 1.446950
959 1.446952
960 1.446953
961 1.446954
962 1.446956
963 1.446957
964 1.446958
965 1.446959
966 1.446961
967 1.446962
968 1.446963
969 1.446964
970 1.446965
971 1.446966
972 1.446967
973 1.446968
974 1.446968
975 1.446969
976 1.446970
977 1.446971
978 1.446971
979 1.446972
980 1.446972
981 1.446973
982 1.446973
983 1.446973
984 1.446974
985 1.446974
986 1.446974
987 1.446974
988 1.446974
989 1.446974
990 1.446974
991 1.446974
992 1.446973
993 1.446973
994 1.446973
995 1.446972
996 1.446972
997 1.446971
998 1.446971
999 1.446970
1000 1.446969
1001 1.446968
1002 1.446967
1003 1.446966
1004 1.446965
1005 1.446964
1006 1.446963
1007 1.446962
1008 1.446960
1009 1.446959
1010 1.446957
1011 1.446956
1012 1.446954
1013 1.446953
1014 1.446951
1015 1.446949
1016 1.446947
1017 1.446945
1018 1.446943
1019 1.446941
1020 1.446939
1021 1.446937
1022 1.446935
1023 1.446932
1024 1.446930
1025 1.446928
1026 1.446925
1027 1.446922
1028 1.446920
1029 1.446917
1030 1.446914
1031 1.446912
1032 1.446909
1033 1.446906
1034 1.446903
1035 1.446900
1036 1.446897
1037 1.446893
1038 1.446890
1039 1.446887
1040 1.446883
1041 1.446880
1042 1.446877
1043 1.446873
1044 1.446869
1045 1.446866
1046 1.446862
1047 1.446858
1048 1.446854
1049 1.446850
1050 1.446846
1051 1.446842
1052 1.446838
1053 1.446834
1054 1.446830
1055 1.446826
1056 1.446821
1057 1.446817
1058 1.446813
1059 1.446808
1060 1.446803
1061 1.446799
1062 1.446794
1063 1.446789
1064 1.446785
1065 1.446780
1066 1.446775
1067 1.446770
1068 1.446765
1069 1.446760
1070 1.446755
1071 1.446750
1072 1.446744
1073 1.446739
1074 1.446734
1075 1.446728
1076 1.446723
1077 1.446717
1078 1.446712
1079 1.446706
1080 1.446700
1081 1.446695
1082 1.446689
1083 1.446683
1084 1.446677
1085 1.446671
1086 1.446665
1087 1.446659
1088 1.446653
1089 1.446647
1090 1.446641
1091 1.446634
1092 1.446628
1093 1.446621
1094 1.446615
1095 1.446608
1096 1.446602
1097 1.446595
1098 1.446589
1099 1.446582
1100 1.446575
1101 1.446568
1102 1.446561
1103 1.446554
1104 1.446547
1105 1.446540
1106 1.446533
1107 1.446526
1108 1.446519
1109 1.446511
1110 1.446504
1111 1.446497
1112 1.446489
1113 1.446482
1114 1.446474
1115 1.446467
1116 1.446459
1117 1.446451
1118 1.446443
1119 1.446436
1120 1.446428
1121 1.446420
1122 1.446412
1123 1.446404
1124 1.446396
1125 1.446387
1126 1.446379
1127 1.446371
1128 1.446363
1129 1.446354
1130 1.446346
1131 1.446337
1132 1.446329
1133 1.446320
1134 1.446312
1135 1.446303
1136 1.446294
1137 1.446285
1138 1.446276
1139 1.446268
1140 1.446259
1141 1.446250
1142 1.446240
1143 1.446231
1144 1.446222
1145 1.446213
1146 1.446204
1147 1.446194
1148 1.446185
1149 1.446175
1150 1.446166
1151 1.446156
1152 1.446147
1153 1.446137
1154 1.446127
1155 1.446117
1156 1.446108
1157 1.446098
1158 1.446088
1159 1.446078
1160 1.446068
1161 1.446057
1162 1.446047
1163 1.446037
1164 1.446027
1165 1.446016
1166 1.446006
1167 1.445996
1168 1.445985
1169 1.445975
1170 1.445964
1171 1.445953
1172 1.445942
1173 1.445932
1174 1.445921
1175 1.445910
1176 1.445899
1177 1.445888
1178 1.445877
1179 1.445866
1180 1.445855
1181 1.445843
1182 1.445832
1183 1.445821
1184 1.445809
1185 1.445798
1186 1.445786
1187 1.445775
1188 1.445763
1189 1.445751
1190 1.445740
1191 1.445728
1192 1.445716
1193 1.445704
1194 1.445692
1195 1.445680
1196 1.445668
1197 1.445656
1198 1.445644
1199 1.445631
1200 1.445619
1201 1.445607
1202 1.445594
1203 1.445582
1204 1.445569
1205 1.445556
1206 1.445544
1207 1.445531
1208 1.445518
1209 1.445505
1210 1.445493
1211 1.445480
1212 1.445467
1213 1.445453
1214 1.445440
1215 1.445427
1216 1.445414
1217 1.445401
1218 1.445387
1219 1.445374
1220 1.445360
1221 1.445347
1222 1.445333
1223 1.445319
1224 1.445306
1225 1.445292
1226 1.445278
1227 1.445264
1228 1.445250
1229 1.445236
1230 1.445222
1231 1.445208
1232 1.445194
1233 1.445180
1234 1.445165
1235 1.445151
1236 1.445136
1237 1.445122
1238 1.445107
1239 1.445093
1240 1.445078
1241 1.445063
1242 1.445049
1243 1.445034
1244 1.445019
1245 1.445004
1246 1.444989
1247 1.444974
1248 1.444958
1249 1.444943
1250 1.444928
1251 1.444913
1252 1.444897
1253 1.444882
1254 1.444866
1255 1.444850
1256 1.444835
1257 1.444819
1258 1.444803
1259 1.444787
1260 1.444771
1261 1.444755
1262 1.444739
1263 1.444723
1264 1.444707
1265 1.444691
1266 1.444674
1267 1.444658
1268 1.444641
1269 1.444625
1270 1.444608
1271 1.444592
1272 1.444575
1273 1.444558
1274 1.444541
1275 1.444524
1276 1.444507
1277 1.444490
1278 1.444473
1279 1.444456
1280 1.444439
1281 1.444422
1282 1.444404
1283 1.444387
1284 1.444370
1285 1.444352
1286 1.444335
1287 1.444317
1288 1.444299
1289 1.444282
1290 1.444264
1291 1.444246
1292 1.444228
1293 1.444210
1294 1.444192
1295 1.444174
1296 1.444156
1297 1.444138
1298 1.444120
1299 1.444101
1300 1.444083
1301 1.444065
1302 1.444046
1303 1.444028
1304 1.444009
1305 1.443991
1306 1.443972
1307 1.443953
1308 1.443935
1309 1.443916
1310 1.443897
1311 1.443878
1312 1.443859
1313 1.443840
1314 1.443821
1315 1.443802
1316 1.443783
1317 1.443763
1318 1.443744
1319 1.443725
1320 1.443705
1321 1.443686
1322 1.443666
1323 1.443647
1324 1.443627
1325 1.443607
1326 1.443587
1327 1.443568
1328 1.443548
1329 1.443528
1330 1.443508
1331 1.443488
1332 1.443468
1333 1.443447
1334 1.443427
1335 1.443407
1336 1.443387
1337 1.443366
1338 1.443346
1339 1.443325
1340 1.443305
1341 1.443284
1342 1.443263
1343 1.443242
1344 1.443222
1345 1.443201
1346 1.443180
1347 1.443159
1348 1.443138
1349 1.443117
1350 1.443095
1351 1.443074
1352 1.443053
1353 1.443032
1354 1.443010
1355 1.442989
1356 1.442967
1357 1.442946
1358 1.442924
1359 1.442902
1360 1.442880
1361 1.442859
1362 1.442837
1363 1.442815
1364 1.442793
1365 1.442771
1366 1.442749
1367 1.442726
1368 1.442704
1369 1.442682
1370 1.442659
1371 1.442637
1372 1.442615
1373 1.442592
1374 1.442569
1375 1.442547
1376 1.442524
1377 1.442501
1378 1.442478
1379 1.442455
1380 1.442432
1381 1.442409
1382 1.442386
1383 1.442363
1384 1.442340
1385 1.442317
1386 1.442293
1387 1.442270
1388 1.442246
1389 1.442223
1390 1.442199
1391 1.442176
1392 1.442152
1393 1.442128
1394 1.442104
1395 1.442081
1396 1.442057
1397 1.442033
1398 1.442009
1399 1.441984
1400 1.441960
1401 1.441936
1402 1.441912
1403 1.441887
1404 1.441863
1405 1.441838
1406 1.441814
1407 1.441789
1408 1.441765
1409 1.441740
1410 1.441715
1411 1.441690
1412 1.441665
1413 1.441640
1414 1.441615
1415 1.441590
1416 1.441565
1417 1.441540
1418 1.441515
1419 1.441489
1420 1.441464
1421 1.441439
1422 1.441413
1423 1.441388
1424 1.441362
1425 1.441336
1426 1.441311
1427 1.441285
