1767
208 3.158812
209 3.069303
210 2.988584
211 2.915140
212 2.848398
213 2.788207
214 2.733796
215 2.683999
216 2.637833
217 2.594700
218 2.553815
219 2.514872
220 2.477034
221 2.440345
222 2.404162
223 2.368316
224 2.332017
225 2.295478
226 2.258412
227 2.220818
228 2.182118
229 2.141989
230 2.101153
231 2.060631
232 2.019831
233 1.979835
234 1.940721
235 1.901597
236 1.864127
237 1.827797
238 1.792181
239 1.757766
240 1.725147
241 1.693807
242 1.663626
243 1.635008
244 1.607952
245 1.582482
246 1.558390
247 1.535318
248 1.513534
249 1.492167
250 1.471476
251 1.452093
252 1.433182
253 1.414792
254 1.396996
255 1.380041
256 1.363065
257 1.346401
258 1.330119
259 1.314625
260 1.300534
261 1.287635
262 1.275440
263 1.264439
264 1.254113
265 1.244959
266 1.236768
267 1.229241
268 1.222119
269 1.215911
270 1.210420
271 1.205371
272 1.200894
273 1.196644
274 1.192794
275 1.189024
276 1.185209
277 1.181220
278 1.176877
279 1.171979
280 1.166680
281 1.160725
282 1.154262
283 1.147400
284 1.140195
285 1.132225
286 1.123905
287 1.115358
288 1.106530
289 1.097728
290 1.088711
291 1.079820
292 1.070818
293 1.061911
294 1.053556
295 1.045478
296 1.037954
297 1.030720
298 1.023464
299 1.016464
300 1.009518
301 1.003057
302 0.996685
303 0.990526
304 0.984801
305 0.979435
306 0.974681
307 0.970240
308 0.966114
309 0.962217
310 0.958810
311 0.955248
312 0.951883
313 0.948910
314 0.946562
315 0.944698
316 0.943345
317 0.942368
318 0.942074
319 0.941763
320 0.941563
321 0.941702
322 0.941757
323 0.942225
324 0.942300
325 0.942619
326 0.942797
327 0.943923
328 0.944703
329 0.945848
330 0.947188
331 0.948587
332 0.949758
333 0.951237
334 0.952060
335 0.953460
336 0.954230
337 0.954998
338 0.955987
339 0.955539
340 0.955604
341 0.955327
342 0.954375
343 0.952147
344 0.949540
345 0.946610
346 0.942620
347 0.938009
348 0.933314
349 0.927799
350 0.922278
351 0.915898
352 0.909904
353 0.903198
354 0.895457
355 0.888061
356 0.880276
357 0.871726
358 0.863217
359 0.854789
360 0.846568
361 0.837350
362 0.828271
363 0.818884
364 0.809131
365 0.799120
366 0.789131
367 0.779097
368 0.768541
369 0.757856
370 0.747687
371 0.738118
372 0.728690
373 0.719783
374 0.711322
375 0.703172
376 0.695266
377 0.688124
378 0.681602
379 0.675741
380 0.670368
381 0.665515
382 0.660894
383 0.656627
384 0.652859
385 0.649467
386 0.646189
387 0.642830
388 0.639425
389 0.636224
390 0.632982
391 0.629714
392 0.626460
393 0.623218
394 0.619841
395 0.616424
396 0.613050
397 0.609595
398 0.606120
399 0.602751
400 0.599508
401 0.596404
402 0.593493
403 0.590900
404 0.588693
405 0.586822
406 0.585468
407 0.584751
408 0.584646
409 0.585271
410 0.586695
411 0.588932
412 0.592006
413 0.595891
414 0.600480
415 0.605747
416 0.611636
417 0.617994
418 0.624735
419 0.631817
420 0.639162
421 0.646781
422 0.654517
423 0.662158
424 0.669677
425 0.677000
426 0.684045
427 0.690749
428 0.697036
429 0.702898
430 0.708340
431 0.713353
432 0.717896
433 0.722086
434 0.726034
435 0.729704
436 0.733049
437 0.736051
438 0.738765
439 0.741286
440 0.743616
441 0.745775
442 0.747824
443 0.749771
444 0.751692
445 0.753563
446 0.755397
447 0.757199
448 0.758963
449 0.760724
450 0.762410
451 0.763991
452 0.765536
453 0.767029
454 0.768432
455 0.769724
456 0.770936
457 0.772040
458 0.773019
459 0.773903
460 0.774692
461 0.775443
462 0.776184
463 0.776905
464 0.777678
465 0.778537
466 0.779463
467 0.780487
468 0.781556
469 0.782718
470 0.783955
471 0.785262
472 0.786616
473 0.788013
474 0.789430
475 0.790847
476 0.792219
477 0.793413
478 0.794485
479 0.795445
480 0.796274
481 0.796945
482 0.797434
483 0.797793
484 0.798037
485 0.798137
486 0.798229
487 0.798269
488 0.798271
489 0.798255
490 0.798206
491 0.798191
492 0.798247
493 0.798452
494 0.798726
495 0.799128
496 0.799629
497 0.800224
498 0.800915
499 0.801625
500 0.802451
501 0.803350
502 0.804168
503 0.804998
504 0.805758
505 0.806467
506 0.807177
507 0.807813
508 0.808333
509 0.808750
510 0.809094
511 0.809313
512 0.809441
513 0.809462
514 0.809431
515 0.809386
516 0.809290
517 0.809147
518 0.809041
519 0.808937
520 0.808918
521 0.808947
522 0.809015
523 0.809124
524 0.809331
525 0.809672
526 0.810089
527 0.810633
528 0.811290
529 0.812035
530 0.812864
531 0.813777
532 0.814673
533 0.815676
534 0.816691
535 0.817708
536 0.818711
537 0.819664
538 0.820575
539 0.821459
540 0.822217
541 0.822872
542 0.823496
543 0.823972
544 0.824337
545 0.824589
546 0.824726
547 0.824720
548 0.824665
549 0.824438
550 0.824169
551 0.823896
552 0.823573
553 0.823204
554 0.822824
555 0.822394
556 0.822019
557 0.821616
558 0.821186
559 0.820896
560 0.820715
561 0.820606
562 0.820575
563 0.820635
564 0.820814
565 0.821075
566 0.821430
567 0.821838
568 0.822295
569 0.822851
570 0.823488
571 0.824285
572 0.825094
573 0.825976
574 0.826928
575 0.827803
576 0.828618
577 0.829488
578 0.830308
579 0.831128
580 0.831900
581 0.832646
582 0.833309
583 0.833861
584 0.834400
585 0.834843
586 0.835188
587 0.835399
588 0.835591
589 0.835718
590 0.835730
591 0.835743
592 0.835691
593 0.835554
594 0.835349
595 0.835099
596 0.834777
597 0.834480
598 0.834151
599 0.833900
600 0.833612
601 0.833331
602 0.833087
603 0.832869
604 0.832687
605 0.832548
606 0.832546
607 0.832567
608 0.832649
609 0.832782
610 0.833058
611 0.833384
612 0.833778
613 0.834269
614 0.834847
615 0.835397
616 0.835994
617 0.836701
618 0.837504
619 0.838335
620 0.839103
621 0.839935
622 0.840759
623 0.841605
624 0.842509
625 0.843413
626 0.844284
627 0.845154
628 0.845926
629 0.846645
630 0.847361
631 0.848045
632 0.848709
633 0.849273
634 0.849716
635 0.850052
636 0.850439
637 0.850770
638 0.851053
639 0.851252
640 0.851339
641 0.851379
642 0.851345
643 0.851239
644 0.851198
645 0.851060
646 0.850838
647 0.850629
648 0.850384
649 0.850085
650 0.849782
651 0.849510
652 0.849203
653 0.848867
654 0.848572
655 0.848297
656 0.848034
657 0.847790
658 0.847646
659 0.847483
660 0.847348
661 0.847318
662 0.847347
663 0.847402
664 0.847450
665 0.847577
666 0.847763
667 0.848037
668 0.848399
669 0.848777
670 0.849140
671 0.849606
672 0.850125
673 0.850669
674 0.851171
675 0.851817
676 0.852526
677 0.853219
678 0.853905
679 0.854623
680 0.855419
681 0.856297
682 0.857137
683 0.857953
684 0.858789
685 0.859664
686 0.860518
687 0.861339
688 0.862178
689 0.863035
690 0.863915
691 0.864658
692 0.865335
693 0.866008
694 0.866647
695 0.867232
696 0.867771
697 0.868194
698 0.868548
699 0.868881
700 0.869178
701 0.869447
702 0.869647
703 0.869774
704 0.869831
705 0.869820
706 0.869775
707 0.869723
708 0.869565
709 0.869308
710 0.869045
711 0.868813
712 0.868559
713 0.868305
714 0.868062
715 0.867753
716 0.867388
717 0.866997
718 0.866598
719 0.866110
720 0.865653
721 0.865205
722 0.864764
723 0.864397
724 0.864045
725 0.863742
726 0.863477
727 0.863177
728 0.862918
729 0.862711
730 0.862554
731 0.862427
732 0.862284
733 0.862240
734 0.862236
735 0.862313
736 0.862382
737 0.862494
738 0.862631
739 0.862769
740 0.863035
741 0.863330
742 0.863667
743 0.864001
744 0.864389
745 0.864797
746 0.865244
747 0.865796
748 0.866411
749 0.866987
750 0.867609
751 0.868254
752 0.868966
753 0.869725
754 0.870479
755 0.871257
756 0.872022
757 0.872772
758 0.873511
759 0.874308
760 0.875172
761 0.875995
762 0.876787
763 0.877447
764 0.878099
765 0.878755
766 0.879447
767 0.880150
768 0.880755
769 0.881311
770 0.881872
771 0.882471
772 0.882955
773 0.883426
774 0.883835
775 0.884348
776 0.884756
777 0.885011
778 0.885100
779 0.885352
780 0.885538
781 0.885641
782 0.885733
783 0.885831
784 0.885894
785 0.885768
786 0.885650
787 0.885393
788 0.885253
789 0.885085
790 0.884990
791 0.884593
792 0.884106
793 0.883797
794 0.883702
795 0.883387
796 0.883120
797 0.882803
798 0.882474
799 0.882109
800 0.881676
801 0.881363
802 0.881095
803 0.880776
804 0.880180
805 0.879657
806 0.879120
807 0.878668
808 0.878245
809 0.877920
810 0.877452
811 0.877067
812 0.876652
813 0.876065
814 0.875535
815 0.875009
816 0.874694
817 0.874396
818 0.873963
819 0.873673
820 0.873682
821 0.873626
822 0.873540
823 0.873428
824 0.873486
825 0.873250
826 0.873386
827 0.873582
828 0.873560
829 0.874007
830 0.874026
831 0.874351
832 0.874518
833 0.874775
834 0.875221
835 0.875377
836 0.875682
837 0.876132
838 0.876173
839 0.876538
840 0.877105
841 0.877825
842 0.878003
843 0.878090
844 0.878665
845 0.878972
846 0.879573
847 0.879977
848 0.880419
849 0.881027
850 0.881525
851 0.881802
852 0.882549
853 0.882807
854 0.883856
855 0.884774
856 0.885221
857 0.885819
858 0.886609
859 0.887586
860 0.888238
861 0.889006
862 0.889811
863 0.890628
864 0.891449
865 0.892072
866 0.892677
867 0.893806
868 0.894247
869 0.895071
870 0.895558
871 0.895913
872 0.896370
873 0.896747
874 0.897172
875 0.897477
876 0.897804
877 0.898135
878 0.898446
879 0.898637
880 0.898819
881 0.898988
882 0.899162
883 0.899284
884 0.899341
885 0.899417
886 0.899383
887 0.899458
888 0.899521
889 0.899498
890 0.899504
891 0.899470
892 0.899446
893 0.899381
894 0.899244
895 0.899094
896 0.898983
897 0.898822
898 0.898606
899 0.898384
900 0.898179
901 0.897939
902 0.897721
903 0.897401
904 0.897085
905 0.896800
906 0.896456
907 0.896116
908 0.895753
909 0.895348
910 0.894998
911 0.894655
912 0.894286
913 0.893914
914 0.893560
915 0.893179
916 0.892814
917 0.892451
918 0.892090
919 0.891750
920 0.891385
921 0.891005
922 0.890641
923 0.890289
924 0.889953
925 0.889646
926 0.889356
927 0.889053
928 0.888760
929 0.888475
930 0.888195
931 0.887935
932 0.887690
933 0.887440
934 0.887191
935 0.886954
936 0.886748
937 0.886552
938 0.886375
939 0.886196
940 0.886047
941 0.885881
942 0.885734
943 0.885629
944 0.885546
945 0.885468
946 0.885392
947 0.885339
948 0.885311
949 0.885297
950 0.885313
951 0.885331
952 0.885381
953 0.885452
954 0.885551
955 0.885676
956 0.885806
957 0.885952
958 0.886099
959 0.886248
960 0.886402
961 0.886565
962 0.886760
963 0.886958
964 0.887166
965 0.887395
966 0.887633
967 0.887888
968 0.888140
969 0.888391
970 0.888649
971 0.888912
972 0.889202
973 0.889512
974 0.889835
975 0.890157
976 0.890489
977 0.890848
978 0.891219
979 0.891589
980 0.891956
981 0.892331
982 0.892705
983 0.893071
984 0.893433
985 0.893760
986 0.894015
987 0.894165
988 0.894263
989 0.894356
990 0.894397
991 0.894415
992 0.894453
993 0.894467
994 0.894405
995 0.894339
996 0.894380
997 0.894394
998 0.894288
999 0.894179
1000 0.894115
1001 0.894072
1002 0.894106
1003 0.894229
1004 0.894380
1005 0.894517
1006 0.894623
1007 0.894754
1008 0.894981
1009 0.895249
1010 0.895486
1011 0.895593
1012 0.895601
1013 0.895670
1014 0.895917
1015 0.896126
1016 0.896219
1017 0.896315
1018 0.896407
1019 0.896494
1020 0.896637
1021 0.896735
1022 0.896847
1023 0.896923
1024 0.896865
1025 0.896752
1026 0.896773
1027 0.896932
1028 0.896981
1029 0.896913
1030 0.896837
1031 0.896756
1032 0.896692
1033 0.896657
1034 0.896612
1035 0.896488
1036 0.896260
1037 0.896121
1038 0.896045
1039 0.895891
1040 0.895688
1041 0.895524
1042 0.895309
1043 0.894987
1044 0.894707
1045 0.894458
1046 0.894182
1047 0.893940
1048 0.893647
1049 0.893256
1050 0.892906
1051 0.892638
1052 0.892393
1053 0.891998
1054 0.891542
1055 0.891160
1056 0.890883
1057 0.890567
1058 0.890219
1059 0.889930
1060 0.889590
1061 0.889230
1062 0.888802
1063 0.888408
1064 0.888110
1065 0.887836
1066 0.887489
1067 0.887057
1068 0.886620
1069 0.886318
1070 0.886072
1071 0.885814
1072 0.885483
1073 0.885067
1074 0.884646
1075 0.884294
1076 0.884032
1077 0.883780
1078 0.883532
1079 0.883161
1080 0.882765
1081 0.882459
1082 0.882193
1083 0.881978
1084 0.881767
1085 0.881447
1086 0.881088
1087 0.880735
1088 0.880451
1089 0.880259
1090 0.880084
1091 0.879850
1092 0.879602
1093 0.879334
1094 0.879094
1095 0.878921
1096 0.878841
1097 0.878692
1098 0.878533
1099 0.878382
1100 0.878262
1101 0.878194
1102 0.878171
1103 0.878149
1104 0.878073
1105 0.877994
1106 0.877946
1107 0.877909
1108 0.877894
1109 0.877930
1110 0.877981
1111 0.878038
1112 0.878024
1113 0.878026
1114 0.878050
1115 0.878104
1116 0.878157
1117 0.878237
1118 0.878324
1119 0.878438
1120 0.878571
1121 0.878613
1122 0.878646
1123 0.878753
1124 0.878876
1125 0.879014
1126 0.879154
1127 0.879323
1128 0.879506
1129 0.879672
1130 0.879847
1131 0.880010
1132 0.880120
1133 0.880298
1134 0.880474
1135 0.880654
1136 0.880835
1137 0.881117
1138 0.881419
1139 0.881667
1140 0.881919
1141 0.882167
1142 0.882424
1143 0.882678
1144 0.882937
1145 0.883206
1146 0.883458
1147 0.883741
1148 0.884092
1149 0.884386
1150 0.884684
1151 0.884984
1152 0.885302
1153 0.885623
1154 0.885870
1155 0.886182
1156 0.886470
1157 0.886773
1158 0.887073
1159 0.887362
1160 0.887664
1161 0.887972
1162 0.888267
1163 0.888543
1164 0.888834
1165 0.889113
1166 0.889399
1167 0.889686
1168 0.889962
1169 0.890226
1170 0.890565
1171 0.890825
1172 0.891089
1173 0.891347
1174 0.891589
1175 0.891844
1176 0.892099
1177 0.892338
1178 0.892592
1179 0.892840
1180 0.893062
1181 0.893276
1182 0.893471
1183 0.893703
1184 0.893914
1185 0.894124
1186 0.894324
1187 0.894523
1188 0.894712
1189 0.894901
1190 0.895068
1191 0.895226
1192 0.895364
1193 0.895524
1194 0.895662
1195 0.895802
1196 0.895929
1197 0.896074
1198 0.896212
1199 0.896303
1200 0.896391
1201 0.896455
1202 0.896490
1203 0.896513
1204 0.896537
1205 0.896558
1206 0.896579
1207 0.896576
1208 0.896570
1209 0.896551
1210 0.896525
1211 0.896494
1212 0.896464
1213 0.896400
1214 0.896322
1215 0.896235
1216 0.896144
1217 0.896058
1218 0.895972
1219 0.895887
1220 0.895792
1221 0.895679
1222 0.895570
1223 0.895461
1224 0.895340
1225 0.895209
1226 0.895065
1227 0.894906
1228 0.894745
1229 0.894585
1230 0.894404
1231 0.894217
1232 0.894034
1233 0.893849
1234 0.893661
1235 0.893457
1236 0.893254
1237 0.893036
1238 0.892794
1239 0.892540
1240 0.892281
1241 0.892033
1242 0.891786
1243 0.891537
1244 0.891261
1245 0.890961
1246 0.890669
1247 0.890380
1248 0.890083
1249 0.889785
1250 0.889495
1251 0.889202
1252 0.888906
1253 0.888600
1254 0.888284
1255 0.887976
1256 0.887666
1257 0.887337
1258 0.886997
1259 0.886658
1260 0.886328
1261 0.886014
1262 0.885698
1263 0.885365
1264 0.885028
1265 0.884696
1266 0.884362
1267 0.884030
1268 0.883693
1269 0.883368
1270 0.883062
1271 0.882740
1272 0.882409
1273 0.882085
1274 0.881764
1275 0.881436
1276 0.881098
1277 0.880757
1278 0.880418
1279 0.880079
1280 0.879742
1281 0.879413
1282 0.879074
1283 0.878723
1284 0.878382
1285 0.878048
1286 0.877707
1287 0.877423
1288 0.877134
1289 0.876799
1290 0.876466
1291 0.876146
1292 0.875844
1293 0.875553
1294 0.875273
1295 0.875007
1296 0.874739
1297 0.874458
1298 0.874179
1299 0.873920
1300 0.873660
1301 0.873395
1302 0.873143
1303 0.872858
1304 0.872589
1305 0.872412
1306 0.872230
1307 0.872026
1308 0.871817
1309 0.871608
1310 0.871402
1311 0.871208
1312 0.871021
1313 0.870837
1314 0.870666
1315 0.870507
1316 0.870362
1317 0.870229
1318 0.870092
1319 0.869966
1320 0.869840
1321 0.869676
1322 0.869520
1323 0.869395
1324 0.869283
1325 0.869185
1326 0.869071
1327 0.869015
1328 0.868942
1329 0.868840
1330 0.868749
1331 0.868657
1332 0.868551
1333 0.868444
1334 0.868339
1335 0.868227
1336 0.868124
1337 0.868025
1338 0.867932
1339 0.867847
1340 0.867757
1341 0.867674
1342 0.867607
1343 0.867480
1344 0.867381
1345 0.867340
1346 0.867296
1347 0.867258
1348 0.867244
1349 0.867244
1350 0.867271
1351 0.867196
1352 0.867192
1353 0.867254
1354 0.867330
1355 0.867424
1356 0.867428
1357 0.867402
1358 0.867379
1359 0.867378
1360 0.867507
1361 0.867659
1362 0.867832
1363 0.868012
1364 0.868188
1365 0.868361
1366 0.868551
1367 0.868852
1368 0.869099
1369 0.869308
1370 0.869419
1371 0.869533
1372 0.869825
1373 0.870162
1374 0.870519
1375 0.870876
1376 0.871097
1377 0.871292
1378 0.871479
1379 0.871666
1380 0.871862
1381 0.872064
1382 0.872241
1383 0.872430
1384 0.872620
1385 0.872825
1386 0.873151
1387 0.873472
1388 0.873726
1389 0.873982
1390 0.874227
1391 0.874485
1392 0.874742
1393 0.875033
1394 0.875286
1395 0.875549
1396 0.875821
1397 0.875975
1398 0.876249
1399 0.876538
1400 0.876826
1401 0.876978
1402 0.877239
1403 0.877523
1404 0.877789
1405 0.877961
1406 0.878231
1407 0.878479
1408 0.878746
1409 0.879004
1410 0.879311
1411 0.879594
1412 0.879758
1413 0.880145
1414 0.880436
1415 0.880717
1416 0.880996
1417 0.881389
1418 0.881643
1419 0.881878
1420 0.882122
1421 0.882448
1422 0.882690
1423 0.882952
1424 0.883197
1425 0.883426
1426 0.883625
1427 0.883841
1428 0.884146
1429 0.884368
1430 0.884561
1431 0.884753
1432 0.884819
1433 0.885003
1434 0.885192
1435 0.885401
1436 0.885598
1437 0.885793
1438 0.885966
1439 0.886113
1440 0.886269
1441 0.886414
1442 0.886566
1443 0.886728
1444 0.886895
1445 0.887044
1446 0.887189
1447 0.887318
1448 0.887596
1449 0.887753
1450 0.887912
1451 0.888016
1452 0.888151
1453 0.888279
1454 0.888420
1455 0.888566
1456 0.888693
1457 0.888823
1458 0.888944
1459 0.889053
1460 0.889048
1461 0.889147
1462 0.889245
1463 0.889348
1464 0.889415
1465 0.889472
1466 0.889523
1467 0.889603
1468 0.889678
1469 0.889762
1470 0.889822
1471 0.889898
1472 0.889992
1473 0.890066
1474 0.890030
1475 0.889985
1476 0.890055
1477 0.890117
1478 0.890180
1479 0.890251
1480 0.890303
1481 0.890369
1482 0.890434
1483 0.890481
1484 0.890504
1485 0.890483
1486 0.890334
1487 0.890209
1488 0.890175
1489 0.890151
1490 0.890234
1491 0.890324
1492 0.890404
1493 0.890370
1494 0.890338
1495 0.890292
1496 0.890259
1497 0.890171
1498 0.890005
1499 0.889958
1500 0.889913
1501 0.889856
1502 0.889856
1503 0.889909
1504 0.889853
1505 0.889804
1506 0.889709
1507 0.889525
1508 0.889437
1509 0.889357
1510 0.889266
1511 0.889116
1512 0.888861
1513 0.888685
1514 0.888681
1515 0.888548
1516 0.888414
1517 0.888285
1518 0.888134
1519 0.887871
1520 0.887603
1521 0.887362
1522 0.887268
1523 0.887247
1524 0.887127
1525 0.886985
1526 0.886834
1527 0.886733
1528 0.886703
1529 0.886550
1530 0.886244
1531 0.885921
1532 0.885593
1533 0.885337
1534 0.885240
1535 0.885145
1536 0.885055
1537 0.884926
1538 0.884686
1539 0.884429
1540 0.884167
1541 0.883913
1542 0.883669
1543 0.883423
1544 0.883209
1545 0.883124
1546 0.883198
1547 0.883367
1548 0.883582
1549 0.883763
1550 0.883879
1551 0.883996
1552 0.884101
1553 0.884187
1554 0.884282
1555 0.884380
1556 0.884472
1557 0.884554
1558 0.884639
1559 0.884720
1560 0.884789
1561 0.884794
1562 0.884689
1563 0.884502
1564 0.884262
1565 0.884007
1566 0.883747
1567 0.883477
1568 0.883206
1569 0.882942
1570 0.882686
1571 0.882429
1572 0.882178
1573 0.881929
1574 0.881675
1575 0.881416
1576 0.881156
1577 0.880896
1578 0.880639
1579 0.880380
1580 0.880115
1581 0.879841
1582 0.879566
1583 0.879292
1584 0.879032
1585 0.878776
1586 0.878510
1587 0.878251
1588 0.878001
1589 0.877751
1590 0.877503
1591 0.877247
1592 0.876997
1593 0.876748
1594 0.876486
1595 0.876233
1596 0.875989
1597 0.875750
1598 0.875514
1599 0.875284
1600 0.875046
1601 0.874794
1602 0.874545
1603 0.874284
1604 0.874025
1605 0.873763
1606 0.873494
1607 0.873241
1608 0.872996
1609 0.872750
1610 0.872514
1611 0.872261
1612 0.872014
1613 0.871770
1614 0.871533
1615 0.871291
1616 0.871047
1617 0.870816
1618 0.870577
1619 0.870349
1620 0.870124
1621 0.869884
1622 0.869645
1623 0.869411
1624 0.869171
1625 0.868918
1626 0.868676
1627 0.868445
1628 0.868221
1629 0.867987
1630 0.867756
1631 0.867529
1632 0.867304
1633 0.867077
1634 0.866860
1635 0.866631
1636 0.866418
1637 0.866213
1638 0.866026
1639 0.865826
1640 0.865637
1641 0.865464
1642 0.865282
1643 0.865103
1644 0.864909
1645 0.864733
1646 0.864559
1647 0.864376
1648 0.864211
1649 0.864037
1650 0.863865
1651 0.863711
1652 0.863554
1653 0.863395
1654 0.863228
1655 0.863054
1656 0.862882
1657 0.862709
1658 0.862535
1659 0.862366
1660 0.862196
1661 0.862007
1662 0.861838
1663 0.861661
1664 0.861475
1665 0.861288
1666 0.861101
1667 0.860899
1668 0.860685
1669 0.860480
1670 0.860285
1671 0.860106
1672 0.859939
1673 0.859774
1674 0.859625
1675 0.859477
1676 0.859346
1677 0.859243
1678 0.859102
1679 0.858995
1680 0.858901
1681 0.858814
1682 0.858738
1683 0.858684
1684 0.858652
1685 0.858627
1686 0.858624
1687 0.858620
1688 0.858620
1689 0.858641
1690 0.858652
1691 0.858664
1692 0.858699
1693 0.858727
1694 0.858809
1695 0.858861
1696 0.858929
1697 0.859012
1698 0.859101
1699 0.859213
1700 0.859309
1701 0.859405
1702 0.859489
1703 0.859590
1704 0.859679
1705 0.859773
1706 0.859900
1707 0.860004
1708 0.860102
1709 0.860190
1710 0.860267
1711 0.860366
1712 0.860465
1713 0.860562
1714 0.860636
1715 0.860683
1716 0.860747
1717 0.860806
1718 0.860869
1719 0.860918
1720 0.860955
1721 0.860992
1722 0.861041
1723 0.861086
1724 0.861125
1725 0.861186
1726 0.861209
1727 0.861250
1728 0.861264
1729 0.861301
1730 0.861352
1731 0.861403
1732 0.861460
1733 0.861497
1734 0.861560
1735 0.861615
1736 0.861692
1737 0.861757
1738 0.861798
1739 0.861848
1740 0.861902
1741 0.861947
1742 0.862016
1743 0.862064
1744 0.862121
1745 0.862150
1746 0.862218
1747 0.862286
1748 0.862347
1749 0.862452
1750 0.862519
1751 0.862584
1752 0.862656
1753 0.862743
1754 0.862824
1755 0.862926
1756 0.863032
1757 0.863118
1758 0.863216
1759 0.863331
1760 0.863446
1761 0.863556
1762 0.863644
1763 0.863733
1764 0.863827
1765 0.863897
1766 0.863992
1767 0.864096
1768 0.864200
1769 0.864291
1770 0.864393
1771 0.864497
1772 0.864597
1773 0.864725
1774 0.864852
1775 0.864961
1776 0.865094
1777 0.865237
1778 0.865380
1779 0.865529
1780 0.865677
1781 0.865872
1782 0.866044
1783 0.866228
1784 0.866408
1785 0.866585
1786 0.866761
1787 0.866944
1788 0.867123
1789 0.867303
1790 0.867478
1791 0.867675
1792 0.867862
1793 0.868039
1794 0.868213
1795 0.868406
1796 0.868590
1797 0.868735
1798 0.868885
1799 0.869033
1800 0.869197
1801 0.869376
1802 0.869549
1803 0.869718
1804 0.869900
1805 0.870091
1806 0.870280
1807 0.870466
1808 0.870661
1809 0.870881
1810 0.871078
1811 0.871247
1812 0.871415
1813 0.871617
1814 0.871835
1815 0.872062
1816 0.872286
1817 0.872493
1818 0.872709
1819 0.872936
1820 0.873148
1821 0.873359
1822 0.873551
1823 0.873734
1824 0.873908
1825 0.874077
1826 0.874279
1827 0.874493
1828 0.874717
1829 0.874939
1830 0.875152
1831 0.875351
1832 0.875535
1833 0.875747
1834 0.875948
1835 0.876134
1836 0.876325
1837 0.876527
1838 0.876750
1839 0.876988
1840 0.877238
1841 0.877497
1842 0.877737
1843 0.877984
1844 0.878241
1845 0.878453
1846 0.878653
1847 0.878847
1848 0.879018
1849 0.879195
1850 0.879386
1851 0.879587
1852 0.879802
1853 0.880018
1854 0.880213
1855 0.880402
1856 0.880572
1857 0.880713
1858 0.880860
1859 0.881000
1860 0.881124
1861 0.881289
1862 0.881453
1863 0.881640
1864 0.881857
1865 0.882074
1866 0.882273
1867 0.882459
1868 0.882636
1869 0.882826
1870 0.883005
1871 0.883179
1872 0.883365
1873 0.883575
1874 0.883768
1875 0.883958
1876 0.884178
1877 0.884400
1878 0.884633
1879 0.884863
1880 0.885062
1881 0.885229
1882 0.885394
1883 0.885577
1884 0.885763
1885 0.885981
1886 0.886199
1887 0.886403
1888 0.886616
1889 0.886828
1890 0.887032
1891 0.887276
1892 0.887506
1893 0.887715
1894 0.887912
1895 0.888103
1896 0.888329
1897 0.888604
1898 0.888895
1899 0.889204
1900 0.889471
1901 0.889690
1902 0.889935
1903 0.890204
1904 0.890432
1905 0.890655
1906 0.890920
1907 0.891166
1908 0.891378
1909 0.891617
1910 0.891845
1911 0.892074
1912 0.892296
1913 0.892495
1914 0.892630
1915 0.892763
1916 0.892918
1917 0.893051
1918 0.893185
1919 0.893316
1920 0.893480
1921 0.893655
1922 0.893783
1923 0.893899
1924 0.894039
1925 0.894127
1926 0.894194
1927 0.894244
1928 0.894283
1929 0.894374
1930 0.894473
1931 0.894520
1932 0.894583
1933 0.894623
1934 0.894683
1935 0.894725
1936 0.894730
1937 0.894725
1938 0.894717
1939 0.894695
1940 0.894691
1941 0.894711
1942 0.894738
1943 0.894818
1944 0.894870
1945 0.894884
1946 0.894897
1947 0.894918
1948 0.894927
1949 0.894960
1950 0.894976
1951 0.895027
1952 0.895029
1953 0.895021
1954 0.895059
1955 0.895083
1956 0.895074
1957 0.895068
1958 0.895079
1959 0.895055
1960 0.895044
1961 0.894984
1962 0.894941
1963 0.894910
1964 0.894897
1965 0.894886
1966 0.894853
1967 0.894832
1968 0.894816
1969 0.894802
1970 0.894765
1971 0.894771
1972 0.894749
1973 0.894726
