521 1.363383
522 1.365400
523 1.367334
524 1.369190
525 1.370973
526 1.372689
527 1.374340
528 1.375930
529 1.377464
530 1.378943
531 1.380372
532 1.381752
533 1.383087
534 1.384378
535 1.385628
536 1.386839
537 1.388012
538 1.389151
539 1.390255
540 1.391327
541 1.392369
542 1.393381
543 1.394364
544 1.395321
545 1.396251
546 1.397157
547 1.398038
548 1.398897
549 1.399733
550 1.400548
551 1.401342
552 1.402117
553 1.402872
554 1.403609
555 1.404329
556 1.405031
557 1.405717
558 1.406386
559 1.407041
560 1.407680
561 1.408305
562 1.408916
563 1.409513
564 1.410098
565 1.410669
566 1.411229
567 1.411776
568 1.412312
569 1.412837
570 1.413350
571 1.413854
572 1.414347
573 1.414830
574 1.415304
575 1.415768
576 1.416223
577 1.416669
578 1.417107
579 1.417536
580 1.417957
581 1.418371
582 1.418776
583 1.419175
584 1.419566
585 1.419950
586 1.420327
587 1.420697
588 1.421061
589 1.421419
590 1.421770
591 1.422116
592 1.422455
593 1.422790
594 1.423118
595 1.423441
596 1.423759
597 1.424071
598 1.424379
599 1.424681
600 1.424979
601 1.425272
602 1.425560
603 1.425844
604 1.426123
605 1.426398
606 1.426668
607 1.426934
608 1.427197
609 1.427455
610 1.427709
611 1.427959
612 1.428206
613 1.428449
614 1.428688
615 1.428924
616 1.429156
617 1.429384
618 1.429610
619 1.429832
620 1.430050
621 1.430266
622 1.430478
623 1.430688
624 1.430894
625 1.431097
626 1.431298
627 1.431496
628 1.431690
629 1.431882
630 1.432072
631 1.432258
632 1.432442
633 1.432624
634 1.432803
635 1.432979
636 1.433153
637 1.433325
638 1.433494
639 1.433661
640 1.433825
641 1.433987
642 1.434147
643 1.434305
644 1.434461
645 1.434615
646 1.434766
647 1.434916
648 1.435063
649 1.435209
650 1.435352
651 1.435494
652 1.435633
653 1.435771
654 1.435908
655 1.436042
656 1.436175
657 1.436305
658 1.436435
659 1.436562
660 1.436688
661 1.436812
662 1.436935
663 1.437056
664 1.437176
665 1.437294
666 1.437410
667 1.437526
668 1.437639
669 1.437751
670 1.437862
671 1.437972
672 1.438080
673 1.438187
674 1.438292
675 1.438396
676 1.438499
677 1.438601
678 1.438701
679 1.438800
680 1.438898
681 1.438994
682 1.439090
683 1.439184
684 1.439277
685 1.439369
686 1.439460
687 1.439550
688 1.439639
689 1.439726
690 1.439813
691 1.439898
692 1.439983
693 1.440066
694 1.440149
695 1.440230
696 1.440310
697 1.440390
698 1.440468
699 1.440546
700 1.440622
701 1.440698
702 1.440773
703 1.440847
704 1.440920
705 1.440992
706 1.441063
707 1.441133
708 1.441203
709 1.441271
710 1.441339
711 1.441406
712 1.441473
713 1.441538
714 1.441603
715 1.441667
716 1.441730
717 1.441792
718 1.441854
719 1.441915
720 1.441975
721 1.442035
722 1.442093
723 1.442152
724 1.442209
725 1.442266
726 1.442322
727 1.442378
728 1.442433
729 1.442487
730 1.442540
731 1.442593
732 1.442646
733 1.442698
734 1.442749
735 1.442800
736 1.442850
737 1.442899
738 1.442948
739 1.442997
740 1.443045
741 1.443092
742 1.443139
743 1.443186
744 1.443231
745 1.443277
746 1.443322
747 1.443366
748 1.443410
749 1.443454
750 1.443497
751 1.443539
752 1.443581
753 1.443623
754 1.443664
755 1.443705
756 1.443745
757 1.443785
758 1.443825
759 1.443864
760 1.443903
761 1.443941
762 1.443979
763 1.444017
764 1.444054
765 1.444091
766 1.444127
767 1.444164
768 1.444199
769 1.444235
770 1.444270
771 1.444305
772 1.444339
773 1.444373
774 1.444407
775 1.444441
776 1.444474
777 1.444507
778 1.444539
779 1.444572
780 1.444604
781 1.444635
782 1.444667
783 1.444698
784 1.444729
785 1.444759
786 1.444790
787 1.444820
788 1.444850
789 1.444879
790 1.444909
791 1.444938
792 1.444967
793 1.444995
794 1.445023
795 1.445051
796 1.445079
797 1.445107
798 1.445134
799 1.445161
800 1.445188
801 1.445215
802 1.445241
803 1.445267
804 1.445293
805 1.445318
806 1.445344
807 1.445369
808 1.445394
809 1.445418
810 1.445443
811 1.445467
812 1.445491
813 1.445514
814 1.445538
815 1.445561
816 1.445584
817 1.445606
818 1.445629
819 1.445651
820 1.445673
821 1.445695
822 1.445716
823 1.445737
824 1.445758
825 1.445779
826 1.445800
827 1.445820
828 1.445840
829 1.445860
830 1.445879
831 1.445899
832 1.445918
833 1.445937
834 1.445955
835 1.445974
836 1.445992
837 1.446010
838 1.446027
839 1.446045
840 1.446062
841 1.446078
842 1.446095
843 1.446111
844 1.446127
845 1.446143
846 1.446159
847 1.446174
848 1.446189
849 1.446204
850 1.446218
851 1.446232
852 1.446246
853 1.446260
854 1.446273
855 1.446287
856 1.446299
857 1.446312
858 1.446324
859 1.446336
860 1.446348
861 1.446359
862 1.446371
863 1.446381
864 1.446392
865 1.446402
866 1.446412
867 1.446422
868 1.446431
869 1.446440
870 1.446449
871 1.446458
872 1.446466
873 1.446474
874 1.446481
875 1.446488
876 1.446495
877 1.446502
878 1.446508
879 1.446514
880 1.446520
881 1.446525
882 1.446530
883 1.446535
884 1.446539
885 1.446543
886 1.446547
887 1.446550
888 1.446553
889 1.446556
890 1.446558
891 1.446561
892 1.446562
893 1.446564
894 1.446565
895 1.446565
896 1.446566
897 1.446566
898 1.446566
899 1.446565
900 1.446564
901 1.446563
902 1.446562
903 1.446560
904 1.446558
905 1.446556
906 1.446554
907 1.446551
908 1.446548
909 1.446544
910 1.446541
911 1.446537
912 1.446533
913 1.446528
914 1.446523
915 1.446519
916 1.446513
917 1.446508
918 1.446502
919 1.446496
920 1.446490
921 1.446484
922 1.446477
923 1.446470
924 1.446463
925 1.446456
926 1.446448
927 1.446440
928 1.446432
929 1.446424
930 1.446416
931 1.446407
932 1.446398
933 1.446389
934 1.446380
935 1.446371
936 1.446361
937 1.446351
938 1.446341
939 1.446331
940 1.446321
941 1.446310
942 1.446300
943 1.446289
944 1.446278
945 1.446267
946 1.446255
947 1.446244
948 1.446232
949 1.446220
950 1.446208
951 1.446196
952 1.446184
953 1.446172
954 1.446159
955 1.446147
956 1.446134
957 1.446122
958 1.446109
959 1.446096
960 1.446084
961 1.446071
962 1.446058
963 1.446046
964 1.446033
965 1.446020
966 1.446008
967 1.445995
968 1.445983
969 1.445970
970 1.445958
971 1.445946
972 1.445934
973 1.445922
974 1.445910
975 1.445899
976 1.445887
977 1.445876
978 1.445865
979 1.445854
980 1.445843
981 1.445833
982 1.445823
983 1.445812
984 1.445803
985 1.445793
986 1.445784
987 1.445775
988 1.445766
989 1.445758
990 1.445750
991 1.445742
992 1.445735
993 1.445728
994 1.445721
995 1.445715
996 1.445709
997 1.445703
998 1.445698
999 1.445693
1000 1.445689
1001 1.445684
1002 1.445681
1003 1.445677
1004 1.445674
1005 1.445671
1006 1.445669
1007 1.445667
1008 1.445665
1009 1.445663
1010 1.445662
1011 1.445661
1012 1.445660
1013 1.445659
1014 1.445659
1015 1.445659
1016 1.445659
1017 1.445660
1018 1.445660
1019 1.445661
1020 1.445662
1021 1.445663
1022 1.445665
1023 1.445666
1024 1.445668
1025 1.445670
1026 1.445672
1027 1.445674
1028 1.445676
1029 1.445678
1030 1.445681
1031 1.445683
1032 1.445686
1033 1.445689
1034 1.445692
1035 1.445695
1036 1.445698
1037 1.445701
1038 1.445704
1039 1.445707
1040 1.445711
1041 1.445714
1042 1.445718
1043 1.445722
1044 1.445725
1045 1.445729
1046 1.445733
1047 1.445737
1048 1.445741
1049 1.445746
1050 1.445750
1051 1.445754
1052 1.445759
1053 1.445763
1054 1.445768
1055 1.445773
1056 1.445778
1057 1.445782
1058 1.445787
1059 1.445792
1060 1.445797
1061 1.445803
1062 1.445808
1063 1.445813
1064 1.445818
1065 1.445824
1066 1.445829
1067 1.445835
1068 1.445840
1069 1.445846
1070 1.445852
1071 1.445857
1072 1.445863
1073 1.445869
1074 1.445875
1075 1.445881
1076 1.445887
1077 1.445893
1078 1.445899
1079 1.445905
1080 1.445911
1081 1.445917
1082 1.445924
1083 1.445930
1084 1.445936
1085 1.445943
1086 1.445949
1087 1.445955
1088 1.445962
1089 1.445968
1090 1.445975
1091 1.445981
1092 1.445988
1093 1.445995
1094 1.446001
1095 1.446008
1096 1.446014
1097 1.446021
1098 1.446028
1099 1.446035
1100 1.446041
1101 1.446048
1102 1.446055
1103 1.446061
1104 1.446068
1105 1.446075
1106 1.446082
1107 1.446089
1108 1.446095
1109 1.446102
1110 1.446109
1111 1.446116
1112 1.446123
1113 1.446129
1114 1.446136
1115 1.446143
1116 1.446150
1117 1.446156
1118 1.446163
1119 1.446170
1120 1.446176
1121 1.446183
1122 1.446190
1123 1.446196
1124 1.446203
1125 1.446210
1126 1.446216
1127 1.446223
1128 1.446229
1129 1.446236
1130 1.446242
1131 1.446249
1132 1.446255
1133 1.446261
1134 1.446268
1135 1.446274
1136 1.446280
1137 1.446286
1138 1.446292
1139 1.446298
1140 1.446304
1141 1.446310
1142 1.446316
1143 1.446322
1144 1.446328
1145 1.446334
1146 1.446339
1147 1.446345
1148 1.446351
1149 1.446356
1150 1.446362
1151 1.446367
1152 1.446372
1153 1.446377
1154 1.446383
1155 1.446388
1156 1.446393
1157 1.446398
1158 1.446402
1159 1.446407
1160 1.446412
1161 1.446416
1162 1.446421
1163 1.446425
1164 1.446430
1165 1.446434
1166 1.446438
1167 1.446442
1168 1.446446
1169 1.446450
1170 1.446453
1171 1.446457
1172 1.446460
1173 1.446464
1174 1.446467
1175 1.446470
1176 1.446473
1177 1.446476
1178 1.446479
1179 1.446482
1180 1.446484
1181 1.446486
1182 1.446489
1183 1.446491
1184 1.446493
1185 1.446495
1186 1.446497
1187 1.446498
1188 1.446500
1189 1.446501
1190 1.446502
1191 1.446503
1192 1.446504
1193 1.446505
1194 1.446505
1195 1.446506
1196 1.446506
1197 1.446506
1198 1.446506
1199 1.446506
1200 1.446505
1201 1.446505
1202 1.446504
1203 1.446503
1204 1.446502
1205 1.446501
1206 1.446499
1207 1.446498
1208 1.446496
1209 1.446494
1210 1.446492
1211 1.446489
1212 1.446487
1213 1.446484
1214 1.446481
1215 1.446478
1216 1.446475
1217 1.446471
1218 1.446467
1219 1.446463
1220 1.446459
1221 1.446455
1222 1.446450
1223 1.446445
1224 1.446440
1225 1.446435
1226 1.446430
1227 1.446424
1228 1.446418
1229 1.446412
1230 1.446405
1231 1.446399
1232 1.446392
1233 1.446385
1234 1.446377
1235 1.446370
1236 1.446362
1237 1.446354
1238 1.446345
1239 1.446337
1240 1.446328
1241 1.446319
1242 1.446310
1243 1.446300
1244 1.446290
1245 1.446280
1246 1.446270
1247 1.446259
1248 1.446248
1249 1.446237
1250 1.446225
1251 1.446214
1252 1.446202
1253 1.446189
1254 1.446177
1255 1.446164
1256 1.446151
1257 1.446137
1258 1.446123
1259 1.446109
1260 1.446095
1261 1.446080
1262 1.446065
1263 1.446050
1264 1.446034
1265 1.446019
1266 1.446002
1267 1.445986
1268 1.445969
1269 1.445952
1270 1.445935
1271 1.445917
1272 1.445899
1273 1.445880
1274 1.445862
1275 1.445842
1276 1.445823
1277 1.445803
1278 1.445783
1279 1.445763
1280 1.445742
1281 1.445721
1282 1.445700
1283 1.445678
1284 1.445656
1285 1.445633
1286 1.445611
1287 1.445588
1288 1.445564
1289 1.445540
1290 1.445516
1291 1.445492
1292 1.445467
1293 1.445441
1294 1.445416
1295 1.445390
1296 1.445364
1297 1.445337
1298 1.445310
1299 1.445283
1300 1.445255
1301 1.445227
1302 1.445198
1303 1.445169
1304 1.445140
1305 1.445111
1306 1.445081
1307 1.445050
1308 1.445020
1309 1.444989
1310 1.444957
1311 1.444926
1312 1.444893
1313 1.444861
1314 1.444828
1315 1.444795
1316 1.444761
1317 1.444727
1318 1.444693
1319 1.444658
1320 1.444623
1321 1.444587
1322 1.444551
1323 1.444515
1324 1.444478
1325 1.444441
1326 1.444403
1327 1.444366
1328 1.444327
1329 1.444289
1330 1.444250
1331 1.444210
1332 1.444170
1333 1.444130
1334 1.444089
1335 1.444048
1336 1.444007
1337 1.443965
1338 1.443923
1339 1.443880
1340 1.443837
1341 1.443794
1342 1.443750
1343 1.443706
1344 1.443661
1345 1.443616
1346 1.443571
1347 1.443525
1348 1.443479
1349 1.443432
1350 1.443385
1351 1.443338
1352 1.443290
1353 1.443242
1354 1.443193
1355 1.443144
1356 1.443095
1357 1.443045
1358 1.442995
1359 1.442944
1360 1.442893
1361 1.442841
1362 1.442790
1363 1.442737
1364 1.442685
1365 1.442632
1366 1.442578
1367 1.442524
1368 1.442470
1369 1.442415
1370 1.442360
1371 1.442305
1372 1.442249
1373 1.442193
1374 1.442136
1375 1.442079
1376 1.442022
1377 1.441964
1378 1.441906
1379 1.441847
1380 1.441788
1381 1.441729
1382 1.441669
1383 1.441609
1384 1.441548
1385 1.441487
1386 1.441426
1387 1.441364
1388 1.441302
1389 1.441239
1390 1.441176
1391 1.441113
1392 1.441050
1393 1.440985
1394 1.440921
1395 1.440856
1396 1.440791
1397 1.440726
1398 1.440660
1399 1.440593
1400 1.440527
1401 1.440460
1402 1.440392
1403 1.440325
1404 1.440256
1405 1.440188
1406 1.440119
1407 1.440050
1408 1.439980
1409 1.439910
1410 1.439840
1411 1.439770
1412 1.439699
1413 1.439627
1414 1.439556
1415 1.439484
1416 1.439411
1417 1.439338
1418 1.439265
1419 1.439192
1420 1.439118
1421 1.439044
1422 1.438970
1423 1.438895
1424 1.438820
1425 1.438745
1426 1.438669
1427 1.438593
1428 1.438517
1429 1.438440
1430 1.438363
1431 1.438286
1432 1.438209
1433 1.438131
1434 1.438053
1435 1.437974
1436 1.437895
1437 1.437816
1438 1.437737
1439 1.437657
1440 1.437577
1441 1.437497
1442 1.437417
1443 1.437336
1444 1.437255
1445 1.437174
1446 1.437092
1447 1.437010
1448 1.436928
1449 1.436846
1450 1.436763
1451 1.436680
1452 1.436597
1453 1.436513
1454 1.436430
1455 1.436346
1456 1.436262
1457 1.436177
1458 1.436093
1459 1.436008
1460 1.435923
1461 1.435837
1462 1.435752
1463 1.435666
1464 1.435580
1465 1.435494
1466 1.435407
1467 1.435321
1468 1.435234
1469 1.435147
1470 1.435059
1471 1.434972
1472 1.434884
1473 1.434796
1474 1.434708
1475 1.434620
1476 1.434532
1477 1.434443
1478 1.434354
1479 1.434265
1480 1.434176
1481 1.434087
1482 1.433997
1483 1.433908
