1767
208 3.192541
209 3.102129
210 3.019823
211 2.944525
212 2.875804
213 2.814104
214 2.758450
215 2.706894
216 2.659358
217 2.614637
218 2.572484
219 2.532644
220 2.493987
221 2.456182
222 2.419075
223 2.381926
224 2.344715
225 2.307013
226 2.269330
227 2.231190
228 2.192109
229 2.151542
230 2.110463
231 2.069624
232 2.028556
233 1.988646
234 1.949226
235 1.910830
236 1.873063
237 1.836481
238 1.800870
239 1.766770
240 1.734040
241 1.702587
242 1.672414
243 1.643663
244 1.616529
245 1.590938
246 1.566585
247 1.543131
248 1.521230
249 1.499502
250 1.478773
251 1.458203
252 1.439238
253 1.420575
254 1.402501
255 1.384788
256 1.367262
257 1.350141
258 1.333395
259 1.317473
260 1.302752
261 1.289191
262 1.276699
263 1.265300
264 1.254636
265 1.245013
266 1.236154
267 1.228340
268 1.220968
269 1.214478
270 1.208705
271 1.203577
272 1.198937
273 1.194789
274 1.190960
275 1.187339
276 1.183738
277 1.179928
278 1.175572
279 1.170926
280 1.165668
281 1.159928
282 1.153732
283 1.147050
284 1.140112
285 1.132792
286 1.124778
287 1.116496
288 1.108065
289 1.099339
290 1.090688
291 1.081871
292 1.073050
293 1.064316
294 1.056244
295 1.048364
296 1.041061
297 1.033973
298 1.026976
299 1.020133
300 1.013420
301 1.006656
302 1.000164
303 0.994145
304 0.988482
305 0.983254
306 0.978339
307 0.973895
308 0.969616
309 0.965542
310 0.961775
311 0.958014
312 0.954569
313 0.951421
314 0.949019
315 0.946970
316 0.945160
317 0.943872
318 0.943532
319 0.942930
320 0.942393
321 0.942314
322 0.942175
323 0.942410
324 0.942769
325 0.943137
326 0.943319
327 0.943960
328 0.944597
329 0.945758
330 0.946508
331 0.947779
332 0.949101
333 0.950658
334 0.951501
335 0.952823
336 0.953556
337 0.954076
338 0.954624
339 0.954407
340 0.954019
341 0.953315
342 0.952319
343 0.950458
344 0.947744
345 0.944331
346 0.940418
347 0.935662
348 0.930739
349 0.925249
350 0.919546
351 0.913103
352 0.906841
353 0.899782
354 0.892276
355 0.884572
356 0.876516
357 0.868348
358 0.859889
359 0.851526
360 0.843374
361 0.834650
362 0.825836
363 0.816486
364 0.806706
365 0.796627
366 0.786508
367 0.776179
368 0.765593
369 0.755225
370 0.745181
371 0.735597
372 0.726525
373 0.717404
374 0.708700
375 0.700238
376 0.692103
377 0.684698
378 0.677804
379 0.671760
380 0.666278
381 0.661286
382 0.656651
383 0.652470
384 0.648808
385 0.645366
386 0.641926
387 0.638476
388 0.634863
389 0.631590
390 0.628322
391 0.625107
392 0.621880
393 0.618651
394 0.615321
395 0.611911
396 0.608515
397 0.605093
398 0.601683
399 0.598379
400 0.595203
401 0.592140
402 0.589291
403 0.586768
404 0.584583
405 0.582806
406 0.581546
407 0.580854
408 0.580800
409 0.581462
410 0.582914
411 0.585199
412 0.588251
413 0.592040
414 0.596517
415 0.601626
416 0.607325
417 0.613554
418 0.620215
419 0.627191
420 0.634450
421 0.641976
422 0.649608
423 0.657191
424 0.664626
425 0.671858
426 0.678829
427 0.685433
428 0.691634
429 0.697392
430 0.702740
431 0.707694
432 0.712198
433 0.716329
434 0.720136
435 0.723599
436 0.726715
437 0.729446
438 0.731909
439 0.734187
440 0.736244
441 0.738114
442 0.739857
443 0.741517
444 0.743123
445 0.744723
446 0.746295
447 0.747831
448 0.749402
449 0.750953
450 0.752431
451 0.753852
452 0.755237
453 0.756603
454 0.757848
455 0.758956
456 0.760034
457 0.761009
458 0.761878
459 0.762647
460 0.763353
461 0.764012
462 0.764642
463 0.765239
464 0.765817
465 0.766427
466 0.767124
467 0.767924
468 0.768777
469 0.769697
470 0.770701
471 0.771794
472 0.772944
473 0.774217
474 0.775500
475 0.776765
476 0.778023
477 0.779167
478 0.780199
479 0.781182
480 0.782064
481 0.782800
482 0.783353
483 0.783746
484 0.784081
485 0.784280
486 0.784375
487 0.784405
488 0.784339
489 0.784162
490 0.783928
491 0.783654
492 0.783400
493 0.783221
494 0.783173
495 0.783208
496 0.783300
497 0.783495
498 0.783835
499 0.784266
500 0.784799
501 0.785435
502 0.786177
503 0.786966
504 0.787816
505 0.788697
506 0.789644
507 0.790678
508 0.791721
509 0.792739
510 0.793720
511 0.794569
512 0.795342
513 0.796044
514 0.796645
515 0.797222
516 0.797669
517 0.798039
518 0.798340
519 0.798568
520 0.798703
521 0.798798
522 0.798827
523 0.798774
524 0.798644
525 0.798572
526 0.798453
527 0.798414
528 0.798444
529 0.798514
530 0.798648
531 0.798809
532 0.799006
533 0.799285
534 0.799608
535 0.800028
536 0.800570
537 0.801127
538 0.801765
539 0.802496
540 0.803287
541 0.804066
542 0.804904
543 0.805702
544 0.806511
545 0.807321
546 0.808135
547 0.808905
548 0.809679
549 0.810313
550 0.810981
551 0.811574
552 0.812062
553 0.812499
554 0.812862
555 0.813046
556 0.813208
557 0.813229
558 0.813144
559 0.813082
560 0.813002
561 0.812857
562 0.812675
563 0.812446
564 0.812218
565 0.812004
566 0.811767
567 0.811523
568 0.811301
569 0.811081
570 0.810915
571 0.810922
572 0.810920
573 0.811048
574 0.811271
575 0.811478
576 0.811702
577 0.812072
578 0.812370
579 0.812843
580 0.813342
581 0.813969
582 0.814591
583 0.815258
584 0.815944
585 0.816719
586 0.817467
587 0.818254
588 0.819084
589 0.819925
590 0.820713
591 0.821534
592 0.822319
593 0.823099
594 0.823887
595 0.824534
596 0.825151
597 0.825706
598 0.826254
599 0.826749
600 0.827161
601 0.827483
602 0.827810
603 0.828000
604 0.828110
605 0.828145
606 0.828199
607 0.828224
608 0.828217
609 0.828094
610 0.828002
611 0.827898
612 0.827763
613 0.827651
614 0.827453
615 0.827215
616 0.827058
617 0.826884
618 0.826734
619 0.826662
620 0.826575
621 0.826545
622 0.826531
623 0.826519
624 0.826557
625 0.826668
626 0.826810
627 0.827007
628 0.827248
629 0.827511
630 0.827859
631 0.828293
632 0.828765
633 0.829278
634 0.829811
635 0.830311
636 0.830917
637 0.831523
638 0.832157
639 0.832860
640 0.833617
641 0.834325
642 0.835075
643 0.835794
644 0.836516
645 0.837197
646 0.837943
647 0.838697
648 0.839398
649 0.840086
650 0.840741
651 0.841399
652 0.842023
653 0.842597
654 0.843169
655 0.843661
656 0.844069
657 0.844487
658 0.844853
659 0.845180
660 0.845468
661 0.845706
662 0.845850
663 0.845947
664 0.846022
665 0.846122
666 0.846123
667 0.846104
668 0.846014
669 0.845918
670 0.845750
671 0.845577
672 0.845377
673 0.845136
674 0.844851
675 0.844624
676 0.844394
677 0.844179
678 0.843935
679 0.843740
680 0.843518
681 0.843242
682 0.842988
683 0.842748
684 0.842596
685 0.842513
686 0.842416
687 0.842312
688 0.842278
689 0.842285
690 0.842365
691 0.842408
692 0.842461
693 0.842570
694 0.842746
695 0.842918
696 0.843123
697 0.843398
698 0.843716
699 0.844076
700 0.844484
701 0.844928
702 0.845433
703 0.845963
704 0.846493
705 0.847069
706 0.847672
707 0.848329
708 0.848987
709 0.849591
710 0.850167
711 0.850791
712 0.851487
713 0.852157
714 0.852851
715 0.853587
716 0.854292
717 0.854947
718 0.855562
719 0.856148
720 0.856732
721 0.857284
722 0.857838
723 0.858341
724 0.858803
725 0.859341
726 0.859862
727 0.860379
728 0.860826
729 0.861251
730 0.861664
731 0.861949
732 0.862129
733 0.862404
734 0.862651
735 0.862887
736 0.863012
737 0.863085
738 0.863110
739 0.863221
740 0.863271
741 0.863197
742 0.863096
743 0.862896
744 0.862727
745 0.862575
746 0.862354
747 0.862176
748 0.861991
749 0.861700
750 0.861400
751 0.861114
752 0.860773
753 0.860498
754 0.860280
755 0.859953
756 0.859654
757 0.859406
758 0.859205
759 0.858992
760 0.858812
761 0.858583
762 0.858415
763 0.858104
764 0.857836
765 0.857607
766 0.857489
767 0.857349
768 0.857297
769 0.857211
770 0.857050
771 0.856931
772 0.856814
773 0.856732
774 0.856625
775 0.856654
776 0.856647
777 0.856568
778 0.856422
779 0.856549
780 0.856680
781 0.856793
782 0.856820
783 0.856905
784 0.857060
785 0.857151
786 0.857301
787 0.857494
788 0.857802
789 0.858090
790 0.858431
791 0.858691
792 0.858909
793 0.859275
794 0.859873
795 0.860362
796 0.860825
797 0.861216
798 0.861749
799 0.862281
800 0.862742
801 0.863199
802 0.863783
803 0.864312
804 0.864669
805 0.865183
806 0.865629
807 0.865984
808 0.866440
809 0.866998
810 0.867438
811 0.867801
812 0.868254
813 0.868455
814 0.868714
815 0.869008
816 0.869552
817 0.870066
818 0.870352
819 0.870666
820 0.871079
821 0.871401
822 0.871719
823 0.872097
824 0.872470
825 0.872760
826 0.873075
827 0.873356
828 0.873461
829 0.873990
830 0.874056
831 0.874381
832 0.874384
833 0.874577
834 0.874685
835 0.874764
836 0.874960
837 0.875009
838 0.874971
839 0.875063
840 0.875098
841 0.875093
842 0.874745
843 0.874520
844 0.874389
845 0.874122
846 0.874197
847 0.874054
848 0.873749
849 0.873125
850 0.872931
851 0.872525
852 0.871855
853 0.871676
854 0.871834
855 0.871970
856 0.871957
857 0.871976
858 0.872172
859 0.872353
860 0.872474
861 0.872630
862 0.872663
863 0.872656
864 0.872832
865 0.873199
866 0.873314
867 0.873627
868 0.874101
869 0.874158
870 0.873950
871 0.873674
872 0.873455
873 0.873205
874 0.873023
875 0.872819
876 0.872667
877 0.872505
878 0.872350
879 0.872170
880 0.872012
881 0.871929
882 0.871770
883 0.871643
884 0.871508
885 0.871429
886 0.871304
887 0.871232
888 0.871192
889 0.871148
890 0.871166
891 0.871195
892 0.871217
893 0.871278
894 0.871354
895 0.871404
896 0.871511
897 0.871594
898 0.871733
899 0.871911
900 0.872087
901 0.872217
902 0.872440
903 0.872599
904 0.872788
905 0.873037
906 0.873236
907 0.873457
908 0.873705
909 0.873906
910 0.874175
911 0.874480
912 0.874769
913 0.875048
914 0.875334
915 0.875593
916 0.875884
917 0.876200
918 0.876520
919 0.876852
920 0.877197
921 0.877497
922 0.877803
923 0.878101
924 0.878408
925 0.878748
926 0.879093
927 0.879408
928 0.879752
929 0.880109
930 0.880446
931 0.880781
932 0.881109
933 0.881434
934 0.881739
935 0.882028
936 0.882321
937 0.882610
938 0.882912
939 0.883196
940 0.883475
941 0.883709
942 0.883936
943 0.884166
944 0.884387
945 0.884600
946 0.884812
947 0.885000
948 0.885180
949 0.885343
950 0.885515
951 0.885671
952 0.885812
953 0.885952
954 0.886075
955 0.886184
956 0.886292
957 0.886413
958 0.886508
959 0.886568
960 0.886617
961 0.886647
962 0.886665
963 0.886673
964 0.886676
965 0.886666
966 0.886644
967 0.886620
968 0.886580
969 0.886511
970 0.886423
971 0.886321
972 0.886206
973 0.886079
974 0.885947
975 0.885809
976 0.885664
977 0.885516
978 0.885365
979 0.885196
980 0.885012
981 0.884821
982 0.884608
983 0.884374
984 0.884105
985 0.883794
986 0.883444
987 0.882984
988 0.882473
989 0.881953
990 0.881365
991 0.880694
992 0.880033
993 0.879417
994 0.878733
995 0.877973
996 0.877258
997 0.876587
998 0.875926
999 0.875269
1000 0.874569
1001 0.873841
1002 0.873225
1003 0.872774
1004 0.872371
1005 0.871965
1006 0.871545
1007 0.871221
1008 0.870942
1009 0.870605
1010 0.870327
1011 0.870061
1012 0.869774
1013 0.869499
1014 0.869222
1015 0.868950
1016 0.868755
1017 0.868637
1018 0.868475
1019 0.868266
1020 0.868058
1021 0.867841
1022 0.867705
1023 0.867507
1024 0.867305
1025 0.867164
1026 0.867086
1027 0.867047
1028 0.866967
1029 0.866839
1030 0.866796
1031 0.866752
1032 0.866698
1033 0.866700
1034 0.866654
1035 0.866574
1036 0.866515
1037 0.866552
1038 0.866575
1039 0.866625
1040 0.866644
1041 0.866678
1042 0.866697
1043 0.866683
1044 0.866696
1045 0.866725
1046 0.866756
1047 0.866781
1048 0.866818
1049 0.866799
1050 0.866897
1051 0.867064
1052 0.867181
1053 0.867191
1054 0.867234
1055 0.867319
1056 0.867492
1057 0.867639
1058 0.867747
1059 0.867888
1060 0.868040
1061 0.868196
1062 0.868298
1063 0.868496
1064 0.868745
1065 0.868986
1066 0.869113
1067 0.869213
1068 0.869383
1069 0.869662
1070 0.869962
1071 0.870265
1072 0.870433
1073 0.870562
1074 0.870718
1075 0.870998
1076 0.871306
1077 0.871605
1078 0.871849
1079 0.872004
1080 0.872149
1081 0.872398
1082 0.872741
1083 0.873084
1084 0.873412
1085 0.873612
1086 0.873777
1087 0.873951
1088 0.874237
1089 0.874554
1090 0.874876
1091 0.875134
1092 0.875302
1093 0.875482
1094 0.875727
1095 0.876000
1096 0.876337
1097 0.876589
1098 0.876794
1099 0.877003
1100 0.877225
1101 0.877493
1102 0.877770
1103 0.878047
1104 0.878261
1105 0.878468
1106 0.878670
1107 0.878863
1108 0.879138
1109 0.879425
1110 0.879680
1111 0.879922
1112 0.880081
1113 0.880232
1114 0.880406
1115 0.880577
1116 0.880754
1117 0.880920
1118 0.881101
1119 0.881266
1120 0.881354
1121 0.881420
1122 0.881490
1123 0.881616
1124 0.881735
1125 0.881825
1126 0.881929
1127 0.882043
1128 0.882158
1129 0.882234
1130 0.882229
1131 0.882214
1132 0.882187
1133 0.882233
1134 0.882279
1135 0.882300
1136 0.882405
1137 0.882506
1138 0.882574
1139 0.882587
1140 0.882591
1141 0.882587
1142 0.882515
1143 0.882423
1144 0.882381
1145 0.882343
1146 0.882373
1147 0.882397
1148 0.882411
1149 0.882371
1150 0.882306
1151 0.882236
1152 0.882088
1153 0.881944
1154 0.881800
1155 0.881694
1156 0.881566
1157 0.881447
1158 0.881375
1159 0.881299
1160 0.881152
1161 0.881018
1162 0.880835
1163 0.880660
1164 0.880481
1165 0.880269
1166 0.880065
1167 0.879886
1168 0.879750
1169 0.879615
1170 0.879478
1171 0.879265
1172 0.879056
1173 0.878836
1174 0.878616
1175 0.878391
1176 0.878178
1177 0.877966
1178 0.877769
1179 0.877555
1180 0.877315
1181 0.877080
1182 0.876832
1183 0.876587
1184 0.876280
1185 0.875951
1186 0.875615
1187 0.875295
1188 0.874980
1189 0.874669
1190 0.874346
1191 0.874092
1192 0.873830
1193 0.873571
1194 0.873311
1195 0.873062
1196 0.872804
1197 0.872510
1198 0.872269
1199 0.872016
1200 0.871824
1201 0.871584
1202 0.871398
1203 0.871199
1204 0.870986
1205 0.870738
1206 0.870516
1207 0.870283
1208 0.870046
1209 0.869799
1210 0.869543
1211 0.869292
1212 0.869066
1213 0.868874
1214 0.868641
1215 0.868393
1216 0.868096
1217 0.867848
1218 0.867561
1219 0.867320
1220 0.867143
1221 0.867000
1222 0.866842
1223 0.866620
1224 0.866373
1225 0.866163
1226 0.865982
1227 0.865791
1228 0.865604
1229 0.865431
1230 0.865237
1231 0.865064
1232 0.864957
1233 0.864868
1234 0.864787
1235 0.864674
1236 0.864514
1237 0.864327
1238 0.864132
1239 0.863997
1240 0.863894
1241 0.863782
1242 0.863654
1243 0.863519
1244 0.863353
1245 0.863189
1246 0.863056
1247 0.862975
1248 0.862893
1249 0.862811
1250 0.862733
1251 0.862656
1252 0.862582
1253 0.862545
1254 0.862521
1255 0.862460
1256 0.862407
1257 0.862367
1258 0.862344
1259 0.862346
1260 0.862349
1261 0.862332
1262 0.862324
1263 0.862313
1264 0.862318
1265 0.862332
1266 0.862346
1267 0.862374
1268 0.862403
1269 0.862440
1270 0.862499
1271 0.862561
1272 0.862614
1273 0.862662
1274 0.862686
1275 0.862674
1276 0.862733
1277 0.862860
1278 0.862960
1279 0.863027
1280 0.863084
1281 0.863153
1282 0.863184
1283 0.863215
1284 0.863288
1285 0.863362
1286 0.863427
1287 0.863499
1288 0.863585
1289 0.863673
1290 0.863794
1291 0.863925
1292 0.863989
1293 0.864028
1294 0.864129
1295 0.864275
1296 0.864421
1297 0.864568
1298 0.864757
1299 0.864956
1300 0.865082
1301 0.865182
1302 0.865289
1303 0.865398
1304 0.865506
1305 0.865671
1306 0.865876
1307 0.866121
1308 0.866396
1309 0.866671
1310 0.866886
1311 0.867035
1312 0.867200
1313 0.867379
1314 0.867559
1315 0.867749
1316 0.867985
1317 0.868249
1318 0.868500
1319 0.868758
1320 0.869033
1321 0.869256
1322 0.869434
1323 0.869608
1324 0.869793
1325 0.869982
1326 0.870172
1327 0.870396
1328 0.870549
1329 0.870705
1330 0.870883
1331 0.871047
1332 0.871199
1333 0.871347
1334 0.871506
1335 0.871660
1336 0.871729
1337 0.871824
1338 0.871945
1339 0.872058
1340 0.872162
1341 0.872267
1342 0.872280
1343 0.872233
1344 0.872236
1345 0.872213
1346 0.872256
1347 0.872329
1348 0.872409
1349 0.872390
1350 0.872336
1351 0.872280
1352 0.872298
1353 0.872286
1354 0.872375
1355 0.872510
1356 0.872541
1357 0.872556
1358 0.872666
1359 0.872861
1360 0.873068
1361 0.873277
1362 0.873419
1363 0.873545
1364 0.873664
1365 0.873890
1366 0.874153
1367 0.874426
1368 0.874707
1369 0.875106
1370 0.875287
1371 0.875327
1372 0.875549
1373 0.875796
1374 0.876049
1375 0.876347
1376 0.876650
1377 0.876947
1378 0.877232
1379 0.877503
1380 0.877772
1381 0.878046
1382 0.878287
1383 0.878520
1384 0.878750
1385 0.878877
1386 0.879093
1387 0.879402
1388 0.879624
1389 0.879844
1390 0.880049
1391 0.880062
1392 0.880044
1393 0.880027
1394 0.879975
1395 0.879940
1396 0.879901
1397 0.879847
1398 0.879938
1399 0.880018
1400 0.879969
1401 0.879909
1402 0.879988
1403 0.879951
1404 0.879913
1405 0.879851
1406 0.879897
1407 0.879929
1408 0.880081
1409 0.880248
1410 0.880439
1411 0.880584
1412 0.880635
1413 0.880703
1414 0.880646
1415 0.880670
1416 0.880814
1417 0.880917
1418 0.880864
1419 0.880926
1420 0.880985
1421 0.881033
1422 0.880968
1423 0.881040
1424 0.880975
1425 0.880894
1426 0.880787
1427 0.880708
1428 0.880701
1429 0.880666
1430 0.880637
1431 0.880509
1432 0.880230
1433 0.879992
1434 0.879733
1435 0.879490
1436 0.879241
1437 0.879121
1438 0.878987
1439 0.878821
1440 0.878669
1441 0.878525
1442 0.878384
1443 0.878247
1444 0.878098
1445 0.877928
1446 0.877730
1447 0.877426
1448 0.877273
1449 0.877216
1450 0.877180
1451 0.877115
1452 0.877056
1453 0.876860
1454 0.876572
1455 0.876407
1456 0.876228
1457 0.876025
1458 0.875823
1459 0.875595
1460 0.875262
1461 0.874944
1462 0.874745
1463 0.874664
1464 0.874565
1465 0.874339
1466 0.874113
1467 0.873903
1468 0.873692
1469 0.873494
1470 0.873386
1471 0.873176
1472 0.872984
1473 0.872784
1474 0.872457
1475 0.872138
1476 0.871928
1477 0.871723
1478 0.871390
1479 0.871097
1480 0.870906
1481 0.870719
1482 0.870543
1483 0.870347
1484 0.870139
1485 0.869882
1486 0.869522
1487 0.869151
1488 0.868790
1489 0.868562
1490 0.868456
1491 0.868362
1492 0.868242
1493 0.868038
1494 0.867963
1495 0.867849
1496 0.867634
1497 0.867379
1498 0.867037
1499 0.866822
1500 0.866616
1501 0.866412
1502 0.866214
1503 0.866042
1504 0.865958
1505 0.865758
1506 0.865528
1507 0.865176
1508 0.864883
1509 0.864789
1510 0.864585
1511 0.864332
1512 0.863961
1513 0.863641
1514 0.863445
1515 0.863234
1516 0.863022
1517 0.862813
1518 0.862635
1519 0.862430
1520 0.862117
1521 0.861804
1522 0.861576
1523 0.861550
1524 0.861497
1525 0.861318
1526 0.861141
1527 0.861023
1528 0.860986
1529 0.860872
1530 0.860666
1531 0.860340
1532 0.860022
1533 0.859746
1534 0.859582
1535 0.859494
1536 0.859425
1537 0.859349
1538 0.859226
1539 0.859014
1540 0.858812
1541 0.858627
1542 0.858446
1543 0.858257
1544 0.858097
1545 0.858011
1546 0.858015
1547 0.858142
1548 0.858361
1549 0.858629
1550 0.858885
1551 0.859071
1552 0.859251
1553 0.859445
1554 0.859641
1555 0.859832
1556 0.860022
1557 0.860207
1558 0.860384
1559 0.860561
1560 0.860741
1561 0.860919
1562 0.861072
1563 0.861125
1564 0.861086
1565 0.861007
1566 0.860913
1567 0.860813
1568 0.860711
1569 0.860606
1570 0.860518
1571 0.860434
1572 0.860353
1573 0.860277
1574 0.860217
1575 0.860158
1576 0.860096
1577 0.860042
1578 0.859986
1579 0.859928
1580 0.859876
1581 0.859815
1582 0.859757
1583 0.859710
1584 0.859670
1585 0.859633
1586 0.859585
1587 0.859539
1588 0.859510
1589 0.859481
1590 0.859447
1591 0.859422
1592 0.859412
1593 0.859390
1594 0.859368
1595 0.859353
1596 0.859323
1597 0.859301
1598 0.859292
1599 0.859278
1600 0.859263
1601 0.859239
1602 0.859221
1603 0.859214
1604 0.859198
1605 0.859182
1606 0.859175
1607 0.859179
1608 0.859189
1609 0.859212
1610 0.859226
1611 0.859227
1612 0.859246
1613 0.859264
1614 0.859277
1615 0.859296
1616 0.859319
1617 0.859351
1618 0.859386
1619 0.859414
1620 0.859451
1621 0.859485
1622 0.859519
1623 0.859551
1624 0.859588
1625 0.859618
1626 0.859653
1627 0.859705
1628 0.859754
1629 0.859802
1630 0.859852
1631 0.859901
1632 0.859958
1633 0.860006
1634 0.860065
1635 0.860127
1636 0.860198
1637 0.860271
1638 0.860351
1639 0.860421
1640 0.860480
1641 0.860555
1642 0.860638
1643 0.860701
1644 0.860772
1645 0.860861
1646 0.860942
1647 0.861027
1648 0.861125
1649 0.861223
1650 0.861302
1651 0.861402
1652 0.861496
1653 0.861575
1654 0.861655
1655 0.861743
1656 0.861833
1657 0.861909
1658 0.861989
1659 0.862080
1660 0.862174
1661 0.862243
1662 0.862325
1663 0.862382
1664 0.862427
1665 0.862468
1666 0.862527
1667 0.862551
1668 0.862568
1669 0.862610
1670 0.862650
1671 0.862676
1672 0.862724
1673 0.862774
1674 0.862832
1675 0.862875
1676 0.862924
1677 0.863004
1678 0.863075
1679 0.863171
1680 0.863281
1681 0.863407
1682 0.863547
1683 0.863690
1684 0.863860
1685 0.864022
1686 0.864202
1687 0.864387
1688 0.864570
1689 0.864775
1690 0.864977
1691 0.865193
1692 0.865422
1693 0.865631
1694 0.865867
1695 0.866118
1696 0.866365
1697 0.866600
1698 0.866836
1699 0.867117
1700 0.867376
1701 0.867632
1702 0.867885
1703 0.868135
1704 0.868396
1705 0.868634
1706 0.868888
1707 0.869134
1708 0.869360
1709 0.869588
1710 0.869833
1711 0.870042
1712 0.870256
1713 0.870475
1714 0.870670
1715 0.870811
1716 0.870993
1717 0.871170
1718 0.871348
1719 0.871507
1720 0.871656
1721 0.871808
1722 0.871956
1723 0.872104
1724 0.872251
1725 0.872413
1726 0.872528
1727 0.872668
1728 0.872787
1729 0.872925
1730 0.873081
1731 0.873239
1732 0.873376
1733 0.873535
1734 0.873673
1735 0.873832
1736 0.873989
1737 0.874139
1738 0.874275
1739 0.874418
1740 0.874557
1741 0.874671
1742 0.874800
1743 0.874919
1744 0.875041
1745 0.875158
1746 0.875276
1747 0.875400
1748 0.875517
1749 0.875627
1750 0.875729
1751 0.875820
1752 0.875920
1753 0.876026
1754 0.876131
1755 0.876246
1756 0.876365
1757 0.876473
1758 0.876577
1759 0.876695
1760 0.876818
1761 0.876922
1762 0.877007
1763 0.877108
1764 0.877216
1765 0.877297
1766 0.877413
1767 0.877514
1768 0.877611
1769 0.877708
1770 0.877807
1771 0.877892
1772 0.877971
1773 0.878083
1774 0.878175
1775 0.878259
1776 0.878346
1777 0.878455
1778 0.878573
1779 0.878689
1780 0.878790
1781 0.878921
1782 0.878991
1783 0.879107
1784 0.879218
1785 0.879331
1786 0.879423
1787 0.879517
1788 0.879620
1789 0.879716
1790 0.879817
1791 0.879936
1792 0.880034
1793 0.880093
1794 0.880158
1795 0.880227
1796 0.880289
1797 0.880323
1798 0.880399
1799 0.880464
1800 0.880536
1801 0.880610
1802 0.880677
1803 0.880754
1804 0.880835
1805 0.880911
1806 0.880985
1807 0.881045
1808 0.881115
1809 0.881202
1810 0.881261
1811 0.881309
1812 0.881341
1813 0.881428
1814 0.881512
1815 0.881591
1816 0.881649
1817 0.881709
1818 0.881776
1819 0.881839
1820 0.881888
1821 0.881924
1822 0.881955
1823 0.881987
1824 0.882013
1825 0.882042
1826 0.882077
1827 0.882123
1828 0.882200
1829 0.882252
1830 0.882299
1831 0.882339
1832 0.882375
1833 0.882409
1834 0.882449
1835 0.882479
1836 0.882506
1837 0.882573
1838 0.882656
1839 0.882727
1840 0.882799
1841 0.882869
1842 0.882949
1843 0.883051
1844 0.883150
1845 0.883227
1846 0.883291
1847 0.883353
1848 0.883395
1849 0.883435
1850 0.883490
1851 0.883546
1852 0.883596
1853 0.883618
1854 0.883628
1855 0.883661
1856 0.883697
1857 0.883706
1858 0.883704
1859 0.883671
1860 0.883588
1861 0.883547
1862 0.883527
1863 0.883496
1864 0.883490
1865 0.883493
1866 0.883473
1867 0.883464
1868 0.883491
1869 0.883548
1870 0.883586
1871 0.883614
1872 0.883646
1873 0.883694
1874 0.883706
1875 0.883728
1876 0.883835
1877 0.883926
1878 0.883985
1879 0.884064
1880 0.884120
1881 0.884137
1882 0.884128
1883 0.884121
1884 0.884099
1885 0.884049
1886 0.884004
1887 0.883961
1888 0.883919
1889 0.883893
1890 0.883876
1891 0.883880
1892 0.883847
1893 0.883794
1894 0.883746
1895 0.883694
1896 0.883654
1897 0.883683
1898 0.883725
1899 0.883779
1900 0.883827
1901 0.883887
1902 0.883935
1903 0.884017
1904 0.884077
1905 0.884118
1906 0.884208
1907 0.884305
1908 0.884380
1909 0.884449
1910 0.884501
1911 0.884531
1912 0.884561
1913 0.884576
1914 0.884600
1915 0.884603
1916 0.884588
1917 0.884575
1918 0.884551
1919 0.884489
1920 0.884435
1921 0.884382
1922 0.884302
1923 0.884200
1924 0.884104
1925 0.883997
1926 0.883900
1927 0.883813
1928 0.883717
1929 0.883632
1930 0.883497
1931 0.883379
1932 0.883240
1933 0.883082
1934 0.882959
1935 0.882835
1936 0.882683
1937 0.882565
1938 0.882425
1939 0.882265
1940 0.882140
1941 0.882014
1942 0.881910
1943 0.881820
1944 0.881729
1945 0.881603
1946 0.881515
1947 0.881390
1948 0.881320
1949 0.881227
1950 0.881100
1951 0.881020
1952 0.880912
1953 0.880771
1954 0.880630
1955 0.880520
1956 0.880358
1957 0.880199
1958 0.880026
1959 0.879864
1960 0.879694
1961 0.879527
1962 0.879349
1963 0.879165
1964 0.878997
1965 0.878867
1966 0.878731
1967 0.878572
1968 0.878423
1969 0.878288
1970 0.878146
1971 0.878012
1972 0.877876
1973 0.877734
