495 1.367922
496 1.369809
497 1.371622
498 1.373366
499 1.375044
500 1.376660
501 1.378219
502 1.379723
503 1.381175
504 1.382577
505 1.383934
506 1.385246
507 1.386516
508 1.387746
509 1.388938
510 1.390095
511 1.391216
512 1.392306
513 1.393364
514 1.394392
515 1.395392
516 1.396364
517 1.397310
518 1.398230
519 1.399127
520 1.400000
521 1.400850
522 1.401680
523 1.402488
524 1.403276
525 1.404045
526 1.404795
527 1.405528
528 1.406243
529 1.406941
530 1.407623
531 1.408290
532 1.408941
533 1.409578
534 1.410200
535 1.410809
536 1.411404
537 1.411986
538 1.412556
539 1.413113
540 1.413659
541 1.414193
542 1.414716
543 1.415228
544 1.415730
545 1.416221
546 1.416702
547 1.417174
548 1.417636
549 1.418089
550 1.418533
551 1.418968
552 1.419395
553 1.419813
554 1.420223
555 1.420625
556 1.421020
557 1.421407
558 1.421786
559 1.422159
560 1.422524
561 1.422882
562 1.423234
563 1.423580
564 1.423919
565 1.424252
566 1.424579
567 1.424900
568 1.425215
569 1.425524
570 1.425829
571 1.426127
572 1.426421
573 1.426710
574 1.426993
575 1.427272
576 1.427546
577 1.427815
578 1.428080
579 1.428340
580 1.428596
581 1.428848
582 1.429096
583 1.429339
584 1.429579
585 1.429815
586 1.430047
587 1.430275
588 1.430500
589 1.430721
590 1.430939
591 1.431153
592 1.431365
593 1.431572
594 1.431777
595 1.431979
596 1.432177
597 1.432373
598 1.432566
599 1.432756
600 1.432943
601 1.433127
602 1.433309
603 1.433488
604 1.433665
605 1.433839
606 1.434011
607 1.434181
608 1.434348
609 1.434512
610 1.434675
611 1.434835
612 1.434993
613 1.435150
614 1.435303
615 1.435455
616 1.435605
617 1.435753
618 1.435899
619 1.436043
620 1.436185
621 1.436325
622 1.436463
623 1.436600
624 1.436734
625 1.436867
626 1.436999
627 1.437128
628 1.437256
629 1.437382
630 1.437506
631 1.437629
632 1.437751
633 1.437870
634 1.437989
635 1.438105
636 1.438220
637 1.438334
638 1.438447
639 1.438557
640 1.438667
641 1.438775
642 1.438882
643 1.438987
644 1.439091
645 1.439194
646 1.439296
647 1.439396
648 1.439495
649 1.439593
650 1.439690
651 1.439785
652 1.439879
653 1.439972
654 1.440064
655 1.440155
656 1.440245
657 1.440333
658 1.440421
659 1.440507
660 1.440593
661 1.440677
662 1.440760
663 1.440843
664 1.440924
665 1.441004
666 1.441084
667 1.441162
668 1.441239
669 1.441316
670 1.441391
671 1.441466
672 1.441540
673 1.441613
674 1.441685
675 1.441756
676 1.441827
677 1.441896
678 1.441965
679 1.442033
680 1.442100
681 1.442167
682 1.442233
683 1.442298
684 1.442362
685 1.442426
686 1.442489
687 1.442551
688 1.442612
689 1.442673
690 1.442734
691 1.442793
692 1.442852
693 1.442911
694 1.442969
695 1.443026
696 1.443082
697 1.443138
698 1.443194
699 1.443248
700 1.443303
701 1.443356
702 1.443409
703 1.443462
704 1.443514
705 1.443565
706 1.443616
707 1.443666
708 1.443716
709 1.443765
710 1.443813
711 1.443861
712 1.443909
713 1.443956
714 1.444003
715 1.444049
716 1.444094
717 1.444139
718 1.444184
719 1.444227
720 1.444271
721 1.444314
722 1.444356
723 1.444398
724 1.444440
725 1.444481
726 1.444522
727 1.444562
728 1.444601
729 1.444640
730 1.444679
731 1.444717
732 1.444755
733 1.444792
734 1.444829
735 1.444865
736 1.444901
737 1.444937
738 1.444972
739 1.445006
740 1.445041
741 1.445074
742 1.445108
743 1.445140
744 1.445173
745 1.445205
746 1.445236
747 1.445267
748 1.445298
749 1.445328
750 1.445358
751 1.445387
752 1.445416
753 1.445444
754 1.445472
755 1.445499
756 1.445526
757 1.445553
758 1.445579
759 1.445604
760 1.445629
761 1.445654
762 1.445678
763 1.445702
764 1.445725
765 1.445748
766 1.445770
767 1.445792
768 1.445813
769 1.445834
770 1.445854
771 1.445874
772 1.445893
773 1.445912
774 1.445931
775 1.445948
776 1.445966
777 1.445983
778 1.445999
779 1.446015
780 1.446030
781 1.446045
782 1.446060
783 1.446074
784 1.446087
785 1.446100
786 1.446113
787 1.446125
788 1.446137
789 1.446148
790 1.446159
791 1.446169
792 1.446179
793 1.446189
794 1.446199
795 1.446207
796 1.446216
797 1.446224
798 1.446232
799 1.446240
800 1.446247
801 1.446254
802 1.446260
803 1.446267
804 1.446272
805 1.446278
806 1.446283
807 1.446288
808 1.446293
809 1.446298
810 1.446302
811 1.446306
812 1.446310
813 1.446313
814 1.446316
815 1.446319
816 1.446322
817 1.446325
818 1.446327
819 1.446329
820 1.446331
821 1.446333
822 1.446335
823 1.446336
824 1.446337
825 1.446338
826 1.446339
827 1.446340
828 1.446341
829 1.446341
830 1.446341
831 1.446342
832 1.446342
833 1.446342
834 1.446342
835 1.446341
836 1.446341
837 1.446341
838 1.446340
839 1.446340
840 1.446339
841 1.446338
842 1.446338
843 1.446337
844 1.446336
845 1.446336
846 1.446335
847 1.446334
848 1.446334
849 1.446334
850 1.446334
851 1.446334
852 1.446334
853 1.446334
854 1.446335
855 1.446336
856 1.446337
857 1.446339
858 1.446341
859 1.446343
860 1.446345
861 1.446348
862 1.446351
863 1.446354
864 1.446358
865 1.446362
866 1.446366
867 1.446371
868 1.446376
869 1.446381
870 1.446387
871 1.446393
872 1.446400
873 1.446407
874 1.446414
875 1.446421
876 1.446429
877 1.446437
878 1.446445
879 1.446453
880 1.446462
881 1.446471
882 1.446480
883 1.446489
884 1.446499
885 1.446508
886 1.446518
887 1.446528
888 1.446538
889 1.446548
890 1.446558
891 1.446568
892 1.446579
893 1.446589
894 1.446599
895 1.446610
896 1.446620
897 1.446631
898 1.446642
899 1.446652
900 1.446663
901 1.446674
902 1.446685
903 1.446696
904 1.446707
905 1.446717
906 1.446728
907 1.446739
908 1.446750
909 1.446761
910 1.446772
911 1.446783
912 1.446794
913 1.446805
914 1.446816
915 1.446827
916 1.446838
917 1.446849
918 1.446860
919 1.446870
920 1.446881
921 1.446892
922 1.446903
923 1.446913
924 1.446924
925 1.446934
926 1.446945
927 1.446955
928 1.446966
929 1.446976
930 1.446986
931 1.446996
932 1.447006
933 1.447016
934 1.447026
935 1.447036
936 1.447045
937 1.447055
938 1.447064
939 1.447074
940 1.447083
941 1.447092
942 1.447101
943 1.447110
944 1.447119
945 1.447127
946 1.447136
947 1.447144
948 1.447152
949 1.447160
950 1.447168
951 1.447176
952 1.447183
953 1.447191
954 1.447198
955 1.447205
956 1.447212
957 1.447219
958 1.447225
959 1.447232
960 1.447238
961 1.447244
962 1.447250
963 1.447256
964 1.447261
965 1.447266
966 1.447271
967 1.447276
968 1.447281
969 1.447285
970 1.447289
971 1.447293
972 1.447297
973 1.447301
974 1.447304
975 1.447308
976 1.447311
977 1.447314
978 1.447316
979 1.447319
980 1.447321
981 1.447323
982 1.447325
983 1.447327
984 1.447328
985 1.447330
986 1.447331
987 1.447332
988 1.447332
989 1.447333
990 1.447333
991 1.447334
992 1.447334
993 1.447333
994 1.447333
995 1.447333
996 1.447332
997 1.447331
998 1.447330
999 1.447329
1000 1.447327
1001 1.447326
1002 1.447324
1003 1.447322
1004 1.447320
1005 1.447317
1006 1.447315
1007 1.447312
1008 1.447309
1009 1.447306
1010 1.447303
1011 1.447300
1012 1.447296
1013 1.447293
1014 1.447289
1015 1.447285
1016 1.447281
1017 1.447277
1018 1.447272
1019 1.447267
1020 1.447263
1021 1.447258
1022 1.447253
1023 1.447248
1024 1.447242
1025 1.447237
1026 1.447231
1027 1.447226
1028 1.447220
1029 1.447214
1030 1.447207
1031 1.447201
1032 1.447195
1033 1.447188
1034 1.447181
1035 1.447175
1036 1.447168
1037 1.447161
1038 1.447153
1039 1.447146
1040 1.447139
1041 1.447131
1042 1.447123
1043 1.447116
1044 1.447108
1045 1.447100
1046 1.447091
1047 1.447083
1048 1.447075
1049 1.447066
1050 1.447058
1051 1.447049
1052 1.447040
1053 1.447031
1054 1.447022
1055 1.447013
1056 1.447004
1057 1.446994
1058 1.446985
1059 1.446975
1060 1.446966
1061 1.446956
1062 1.446946
1063 1.446936
1064 1.446926
1065 1.446916
1066 1.446906
1067 1.446896
1068 1.446886
1069 1.446875
1070 1.446865
1071 1.446854
1072 1.446843
1073 1.446833
1074 1.446822
1075 1.446811
1076 1.446800
1077 1.446789
1078 1.446778
1079 1.446766
1080 1.446755
1081 1.446744
1082 1.446732
1083 1.446721
1084 1.446709
1085 1.446698
1086 1.446686
1087 1.446675
1088 1.446663
1089 1.446651
1090 1.446639
1091 1.446627
1092 1.446615
1093 1.446603
1094 1.446591
1095 1.446579
1096 1.446567
1097 1.446554
1098 1.446542
1099 1.446530
1100 1.446517
1101 1.446505
1102 1.446492
1103 1.446480
1104 1.446467
1105 1.446455
1106 1.446442
1107 1.446429
1108 1.446417
1109 1.446404
1110 1.446391
1111 1.446378
1112 1.446366
1113 1.446353
1114 1.446340
1115 1.446327
1116 1.446314
1117 1.446301
1118 1.446288
1119 1.446275
1120 1.446262
1121 1.446249
1122 1.446236
1123 1.446223
1124 1.446210
1125 1.446197
1126 1.446184
1127 1.446171
1128 1.446158
1129 1.446144
1130 1.446131
1131 1.446118
1132 1.446105
1133 1.446092
1134 1.446079
1135 1.446066
1136 1.446053
1137 1.446039
1138 1.446026
1139 1.446013
1140 1.446000
1141 1.445987
1142 1.445974
1143 1.445961
1144 1.445948
1145 1.445935
1146 1.445922
1147 1.445909
1148 1.445895
1149 1.445882
1150 1.445869
1151 1.445856
1152 1.445843
1153 1.445830
1154 1.445817
1155 1.445804
1156 1.445792
1157 1.445779
1158 1.445766
1159 1.445753
1160 1.445740
1161 1.445727
1162 1.445714
1163 1.445701
1164 1.445688
1165 1.445675
1166 1.445663
1167 1.445650
1168 1.445637
1169 1.445624
1170 1.445611
1171 1.445598
1172 1.445586
1173 1.445573
1174 1.445560
1175 1.445547
1176 1.445535
1177 1.445522
1178 1.445509
1179 1.445497
1180 1.445484
1181 1.445471
1182 1.445459
1183 1.445446
1184 1.445433
1185 1.445421
1186 1.445408
1187 1.445396
1188 1.445383
1189 1.445371
1190 1.445358
1191 1.445345
1192 1.445333
1193 1.445320
1194 1.445308
1195 1.445296
1196 1.445283
1197 1.445271
1198 1.445258
1199 1.445246
1200 1.445234
1201 1.445221
1202 1.445209
1203 1.445197
1204 1.445184
1205 1.445172
1206 1.445160
1207 1.445147
1208 1.445135
1209 1.445123
1210 1.445111
1211 1.445099
1212 1.445086
1213 1.445074
1214 1.445062
1215 1.445050
1216 1.445038
1217 1.445026
1218 1.445014
1219 1.445002
1220 1.444990
1221 1.444978
1222 1.444966
1223 1.444954
1224 1.444942
1225 1.444930
1226 1.444918
1227 1.444906
1228 1.444894
1229 1.444882
1230 1.444870
1231 1.444859
1232 1.444847
1233 1.444835
1234 1.444823
1235 1.444811
1236 1.444800
1237 1.444788
1238 1.444776
1239 1.444765
1240 1.444753
1241 1.444741
1242 1.444730
1243 1.444718
1244 1.444707
1245 1.444695
1246 1.444683
1247 1.444672
1248 1.444660
1249 1.444649
1250 1.444637
1251 1.444626
1252 1.444615
1253 1.444603
1254 1.444592
1255 1.444580
1256 1.444569
1257 1.444558
1258 1.444546
1259 1.444535
1260 1.444524
1261 1.444512
1262 1.444501
1263 1.444490
1264 1.444479
1265 1.444468
1266 1.444456
1267 1.444445
1268 1.444434
1269 1.444423
1270 1.444412
1271 1.444401
1272 1.444390
1273 1.444379
1274 1.444368
1275 1.444357
1276 1.444347
1277 1.444336
1278 1.444325
1279 1.444314
1280 1.444303
1281 1.444293
1282 1.444282
1283 1.444271
1284 1.444261
1285 1.444250
1286 1.444240
1287 1.444229
1288 1.444219
1289 1.444208
1290 1.444198
1291 1.444187
1292 1.444177
1293 1.444167
1294 1.444156
1295 1.444146
1296 1.444136
1297 1.444126
1298 1.444116
1299 1.444106
1300 1.444096
1301 1.444086
1302 1.444076
1303 1.444066
1304 1.444056
1305 1.444046
1306 1.444036
1307 1.444026
1308 1.444016
1309 1.444007
1310 1.443997
1311 1.443987
1312 1.443977
1313 1.443968
1314 1.443958
1315 1.443949
1316 1.443939
1317 1.443930
1318 1.443920
1319 1.443911
1320 1.443901
1321 1.443892
1322 1.443883
1323 1.443873
1324 1.443864
1325 1.443855
1326 1.443846
1327 1.443837
1328 1.443828
1329 1.443819
1330 1.443809
1331 1.443800
1332 1.443792
1333 1.443783
1334 1.443774
1335 1.443765
1336 1.443756
1337 1.443747
1338 1.443738
1339 1.443730
1340 1.443721
1341 1.443712
1342 1.443704
1343 1.443695
1344 1.443686
1345 1.443678
1346 1.443669
1347 1.443661
1348 1.443653
1349 1.443644
1350 1.443636
1351 1.443627
1352 1.443619
1353 1.443611
1354 1.443603
1355 1.443595
1356 1.443586
1357 1.443578
1358 1.443570
1359 1.443562
1360 1.443554
1361 1.443546
1362 1.443538
1363 1.443530
1364 1.443522
1365 1.443514
1366 1.443507
1367 1.443499
1368 1.443491
1369 1.443483
1370 1.443476
1371 1.443468
1372 1.443460
1373 1.443453
1374 1.443445
1375 1.443438
1376 1.443430
1377 1.443423
1378 1.443415
1379 1.443408
1380 1.443401
1381 1.443393
1382 1.443386
1383 1.443379
1384 1.443372
1385 1.443365
1386 1.443357
1387 1.443350
1388 1.443343
1389 1.443336
1390 1.443329
1391 1.443322
1392 1.443315
1393 1.443308
1394 1.443302
1395 1.443295
1396 1.443288
1397 1.443281
1398 1.443274
1399 1.443268
1400 1.443261
1401 1.443254
1402 1.443248
1403 1.443241
1404 1.443235
1405 1.443228
1406 1.443222
1407 1.443215
1408 1.443209
1409 1.443203
1410 1.443196
1411 1.443190
1412 1.443184
1413 1.443177
1414 1.443171
1415 1.443165
1416 1.443159
1417 1.443153
1418 1.443147
1419 1.443141
1420 1.443135
1421 1.443129
1422 1.443123
