563 1.357188
564 1.359317
565 1.361355
566 1.363309
567 1.365184
568 1.366985
569 1.368718
570 1.370385
571 1.371993
572 1.373542
573 1.375038
574 1.376483
575 1.377879
576 1.379230
577 1.380537
578 1.381804
579 1.383032
580 1.384222
581 1.385378
582 1.386500
583 1.387590
584 1.388650
585 1.389680
586 1.390683
587 1.391658
588 1.392608
589 1.393534
590 1.394435
591 1.395314
592 1.396171
593 1.397008
594 1.397824
595 1.398620
596 1.399398
597 1.400158
598 1.400900
599 1.401626
600 1.402335
601 1.403028
602 1.403707
603 1.404370
604 1.405020
605 1.405655
606 1.406277
607 1.406886
608 1.407483
609 1.408067
610 1.408640
611 1.409201
612 1.409751
613 1.410290
614 1.410818
615 1.411336
616 1.411845
617 1.412343
618 1.412832
619 1.413312
620 1.413783
621 1.414245
622 1.414699
623 1.415144
624 1.415582
625 1.416011
626 1.416433
627 1.416847
628 1.417254
629 1.417654
630 1.418047
631 1.418433
632 1.418812
633 1.419185
634 1.419552
635 1.419912
636 1.420266
637 1.420615
638 1.420957
639 1.421294
640 1.421625
641 1.421951
642 1.422271
643 1.422586
644 1.422897
645 1.423202
646 1.423502
647 1.423797
648 1.424088
649 1.424374
650 1.424655
651 1.424932
652 1.425204
653 1.425473
654 1.425737
655 1.425997
656 1.426253
657 1.426505
658 1.426753
659 1.426997
660 1.427238
661 1.427475
662 1.427708
663 1.427938
664 1.428165
665 1.428388
666 1.428608
667 1.428824
668 1.429038
669 1.429248
670 1.429455
671 1.429660
672 1.429861
673 1.430059
674 1.430255
675 1.430448
676 1.430638
677 1.430825
678 1.431010
679 1.431192
680 1.431371
681 1.431549
682 1.431723
683 1.431895
684 1.432065
685 1.432233
686 1.432398
687 1.432561
688 1.432721
689 1.432880
690 1.433036
691 1.433190
692 1.433343
693 1.433493
694 1.433641
695 1.433787
696 1.433931
697 1.434073
698 1.434214
699 1.434352
700 1.434489
701 1.434624
702 1.434757
703 1.434888
704 1.435018
705 1.435145
706 1.435272
707 1.435396
708 1.435519
709 1.435641
710 1.435761
711 1.435879
712 1.435996
713 1.436111
714 1.436225
715 1.436337
716 1.436448
717 1.436557
718 1.436665
719 1.436772
720 1.436877
721 1.436982
722 1.437084
723 1.437186
724 1.437286
725 1.437385
726 1.437482
727 1.437579
728 1.437674
729 1.437768
730 1.437861
731 1.437952
732 1.438043
733 1.438132
734 1.438220
735 1.438308
736 1.438394
737 1.438479
738 1.438563
739 1.438646
740 1.438728
741 1.438808
742 1.438888
743 1.438967
744 1.439045
745 1.439122
746 1.439198
747 1.439273
748 1.439347
749 1.439420
750 1.439493
751 1.439564
752 1.439635
753 1.439704
754 1.439773
755 1.439841
756 1.439908
757 1.439975
758 1.440040
759 1.440105
760 1.440169
761 1.440232
762 1.440294
763 1.440356
764 1.440417
765 1.440477
766 1.440536
767 1.440595
768 1.440653
769 1.440710
770 1.440767
771 1.440822
772 1.440878
773 1.440932
774 1.440986
775 1.441039
776 1.441092
777 1.441144
778 1.441195
779 1.441246
780 1.441296
781 1.441346
782 1.441395
783 1.441443
784 1.441491
785 1.441539
786 1.441585
787 1.441632
788 1.441677
789 1.441723
790 1.441767
791 1.441811
792 1.441855
793 1.441898
794 1.441941
795 1.441983
796 1.442025
797 1.442067
798 1.442107
799 1.442148
800 1.442188
801 1.442227
802 1.442267
803 1.442305
804 1.442344
805 1.442382
806 1.442419
807 1.442456
808 1.442493
809 1.442529
810 1.442565
811 1.442601
812 1.442636
813 1.442671
814 1.442706
815 1.442740
816 1.442774
817 1.442808
818 1.442841
819 1.442874
820 1.442906
821 1.442939
822 1.442971
823 1.443002
824 1.443034
825 1.443065
826 1.443095
827 1.443126
828 1.443156
829 1.443186
830 1.443216
831 1.443245
832 1.443274
833 1.443303
834 1.443331
835 1.443360
836 1.443388
837 1.443416
838 1.443443
839 1.443470
840 1.443497
841 1.443524
842 1.443551
843 1.443577
844 1.443603
845 1.443629
846 1.443655
847 1.443680
848 1.443705
849 1.443730
850 1.443755
851 1.443780
852 1.443804
853 1.443828
854 1.443852
855 1.443876
856 1.443899
857 1.443923
858 1.443946
859 1.443969
860 1.443992
861 1.444014
862 1.444037
863 1.444059
864 1.444081
865 1.444103
866 1.444125
867 1.444146
868 1.444167
869 1.444188
870 1.444209
871 1.444230
872 1.444251
873 1.444271
874 1.444291
875 1.444312
876 1.444331
877 1.444351
878 1.444371
879 1.444390
880 1.444409
881 1.444429
882 1.444447
883 1.444466
884 1.444485
885 1.444503
886 1.444521
887 1.444540
888 1.444558
889 1.444575
890 1.444593
891 1.444610
892 1.444628
893 1.444645
894 1.444662
895 1.444679
896 1.444696
897 1.444712
898 1.444729
899 1.444745
900 1.444761
901 1.444777
902 1.444793
903 1.444808
904 1.444824
905 1.444839
906 1.444854
907 1.444870
908 1.444884
909 1.444899
910 1.444914
911 1.444928
912 1.444943
913 1.444957
914 1.444971
915 1.444985
916 1.444999
917 1.445012
918 1.445026
919 1.445039
920 1.445053
921 1.445066
922 1.445079
923 1.445091
924 1.445104
925 1.445117
926 1.445129
927 1.445141
928 1.445153
929 1.445165
930 1.445177
931 1.445189
932 1.445200
933 1.445212
934 1.445223
935 1.445234
936 1.445245
937 1.445256
938 1.445267
939 1.445277
940 1.445288
941 1.445298
942 1.445308
943 1.445318
944 1.445328
945 1.445338
946 1.445348
947 1.445357
948 1.445367
949 1.445376
950 1.445385
951 1.445394
952 1.445403
953 1.445412
954 1.445421
955 1.445429
956 1.445438
957 1.445446
958 1.445454
959 1.445462
960 1.445470
961 1.445478
962 1.445486
963 1.445493
964 1.445501
965 1.445508
966 1.445515
967 1.445523
968 1.445530
969 1.445537
970 1.445543
971 1.445550
972 1.445557
973 1.445563
974 1.445569
975 1.445576
976 1.445582
977 1.445588
978 1.445594
979 1.445599
980 1.445605
981 1.445610
982 1.445616
983 1.445621
984 1.445626
985 1.445631
986 1.445636
987 1.445641
988 1.445646
989 1.445650
990 1.445655
991 1.445659
992 1.445663
993 1.445667
994 1.445671
995 1.445675
996 1.445678
997 1.445682
998 1.445685
999 1.445689
1000 1.445692
1001 1.445695
1002 1.445698
1003 1.445700
1004 1.445703
1005 1.445706
1006 1.445708
1007 1.445710
1008 1.445712
1009 1.445715
1010 1.445716
1011 1.445718
1012 1.445720
1013 1.445721
1014 1.445723
1015 1.445724
1016 1.445725
1017 1.445726
1018 1.445727
1019 1.445728
1020 1.445729
1021 1.445729
1022 1.445730
1023 1.445730
1024 1.445731
1025 1.445731
1026 1.445731
1027 1.445731
1028 1.445730
1029 1.445730
1030 1.445730
1031 1.445729
1032 1.445728
1033 1.445727
1034 1.445727
1035 1.445726
1036 1.445724
1037 1.445723
1038 1.445722
1039 1.445720
1040 1.445719
1041 1.445717
1042 1.445715
1043 1.445714
1044 1.445712
1045 1.445710
1046 1.445707
1047 1.445705
1048 1.445703
1049 1.445700
1050 1.445698
1051 1.445695
1052 1.445692
1053 1.445689
1054 1.445686
1055 1.445683
1056 1.445680
1057 1.445677
1058 1.445673
1059 1.445670
1060 1.445666
1061 1.445662
1062 1.445659
1063 1.445655
1064 1.445651
1065 1.445647
1066 1.445643
1067 1.445638
1068 1.445634
1069 1.445630
1070 1.445625
1071 1.445620
1072 1.445616
1073 1.445611
1074 1.445606
1075 1.445601
1076 1.445596
1077 1.445591
1078 1.445586
1079 1.445580
1080 1.445575
1081 1.445569
1082 1.445564
1083 1.445558
1084 1.445552
1085 1.445547
1086 1.445541
1087 1.445535
1088 1.445529
1089 1.445522
1090 1.445516
1091 1.445510
1092 1.445504
1093 1.445497
1094 1.445490
1095 1.445484
1096 1.445477
1097 1.445470
1098 1.445463
1099 1.445456
1100 1.445449
1101 1.445442
1102 1.445435
1103 1.445428
1104 1.445420
1105 1.445413
1106 1.445405
1107 1.445398
1108 1.445390
1109 1.445383
1110 1.445375
1111 1.445367
1112 1.445359
1113 1.445351
1114 1.445343
1115 1.445335
1116 1.445326
1117 1.445318
1118 1.445310
1119 1.445301
1120 1.445293
1121 1.445284
1122 1.445276
1123 1.445267
1124 1.445258
1125 1.445249
1126 1.445240
1127 1.445231
1128 1.445222
1129 1.445213
1130 1.445204
1131 1.445194
1132 1.445185
1133 1.445176
1134 1.445166
1135 1.445157
1136 1.445147
1137 1.445137
1138 1.445128
1139 1.445118
1140 1.445108
1141 1.445098
1142 1.445088
1143 1.445078
1144 1.445068
1145 1.445058
1146 1.445047
1147 1.445037
1148 1.445027
1149 1.445016
1150 1.445006
1151 1.444995
1152 1.444985
1153 1.444974
1154 1.444963
1155 1.444952
1156 1.444941
1157 1.444931
1158 1.444920
1159 1.444908
1160 1.444897
1161 1.444886
1162 1.444875
1163 1.444864
1164 1.444852
1165 1.444841
1166 1.444829
1167 1.444818
1168 1.444806
1169 1.444795
1170 1.444783
1171 1.444771
1172 1.444759
1173 1.444747
1174 1.444735
1175 1.444723
1176 1.444711
1177 1.444699
1178 1.444687
1179 1.444675
1180 1.444663
1181 1.444650
1182 1.444638
1183 1.444625
1184 1.444613
1185 1.444600
1186 1.444588
1187 1.444575
1188 1.444562
1189 1.444549
1190 1.444537
1191 1.444524
1192 1.444511
1193 1.444498
1194 1.444485
1195 1.444472
1196 1.444458
1197 1.444445
1198 1.444432
1199 1.444419
1200 1.444405
1201 1.444392
1202 1.444378
1203 1.444365
1204 1.444351
1205 1.444338
1206 1.444324
1207 1.444310
1208 1.444297
1209 1.444283
1210 1.444269
1211 1.444255
1212 1.444241
1213 1.444227
1214 1.444213
1215 1.444199
1216 1.444184
1217 1.444170
1218 1.444156
1219 1.444142
1220 1.444127
1221 1.444113
1222 1.444098
1223 1.444084
1224 1.444069
1225 1.444055
1226 1.444040
1227 1.444025
1228 1.444010
1229 1.443996
1230 1.443981
1231 1.443966
1232 1.443951
1233 1.443936
1234 1.443921
1235 1.443906
1236 1.443891
1237 1.443876
1238 1.443860
1239 1.443845
1240 1.443830
1241 1.443814
1242 1.443799
1243 1.443784
1244 1.443768
1245 1.443752
1246 1.443737
1247 1.443721
1248 1.443706
1249 1.443690
1250 1.443674
1251 1.443658
1252 1.443642
1253 1.443627
1254 1.443611
1255 1.443595
1256 1.443579
1257 1.443563
1258 1.443546
1259 1.443530
1260 1.443514
1261 1.443498
1262 1.443482
1263 1.443465
1264 1.443449
1265 1.443432
1266 1.443416
1267 1.443399
1268 1.443383
1269 1.443366
1270 1.443350
1271 1.443333
1272 1.443316
1273 1.443300
1274 1.443283
1275 1.443266
1276 1.443249
1277 1.443232
1278 1.443215
1279 1.443199
1280 1.443181
1281 1.443164
1282 1.443147
1283 1.443130
1284 1.443113
1285 1.443096
1286 1.443079
1287 1.443061
1288 1.443044
1289 1.443027
1290 1.443009
1291 1.442992
1292 1.442974
1293 1.442957
1294 1.442939
1295 1.442922
1296 1.442904
1297 1.442887
1298 1.442869
1299 1.442851
1300 1.442833
1301 1.442816
1302 1.442798
1303 1.442780
1304 1.442762
1305 1.442744
1306 1.442726
1307 1.442708
1308 1.442690
1309 1.442672
1310 1.442654
1311 1.442636
1312 1.442618
1313 1.442599
1314 1.442581
1315 1.442563
1316 1.442544
1317 1.442526
1318 1.442508
1319 1.442489
1320 1.442471
1321 1.442452
1322 1.442434
1323 1.442415
1324 1.442396
1325 1.442378
1326 1.442359
1327 1.442340
1328 1.442321
1329 1.442303
1330 1.442284
1331 1.442265
1332 1.442246
1333 1.442227
1334 1.442208
1335 1.442189
1336 1.442170
1337 1.442151
1338 1.442132
1339 1.442113
1340 1.442094
1341 1.442075
1342 1.442056
1343 1.442037
1344 1.442017
1345 1.441998
1346 1.441979
1347 1.441960
1348 1.441940
1349 1.441921
1350 1.441902
1351 1.441882
1352 1.441863
1353 1.441844
1354 1.441824
1355 1.441805
1356 1.441786
1357 1.441766
1358 1.441747
1359 1.441727
1360 1.441708
1361 1.441688
1362 1.441669
1363 1.441649
1364 1.441630
1365 1.441610
1366 1.441590
1367 1.441571
1368 1.441551
1369 1.441532
1370 1.441512
1371 1.441492
1372 1.441473
1373 1.441453
1374 1.441433
1375 1.441413
1376 1.441394
1377 1.441374
1378 1.441354
1379 1.441334
1380 1.441315
1381 1.441295
1382 1.441275
1383 1.441255
1384 1.441235
1385 1.441215
1386 1.441195
1387 1.441175
1388 1.441156
