0.00000000000000000000e+000
2.27645314355679440000e-002
0.00000000000000000000e+000
0.00000000000000000000e+000
2.36065460187629070000e-002
0.00000000000000000000e+000
0.00000000000000000000e+000
1.88616304200593700000e-002
0.00000000000000000000e+000
4.87361876957402350000e-017
0.00000000000000000000e+000
0.00000000000000000000e+000
-2.71099468738517670000e-043
0.00000000000000000000e+000
0.00000000000000000000e+000
2.06286899722745580000e-036
0.00000000000000000000e+000
0.00000000000000000000e+000
6.21441655202631650000e-003
0.00000000000000000000e+000
0.00000000000000000000e+000
1.83473459906435550000e-105
0.00000000000000000000e+000
0.00000000000000000000e+000
9.16249811917830690000e-185
0.00000000000000000000e+000
0.00000000000000000000e+000
-1.28674407811741110000e-076
0.00000000000000000000e+000
9.89863881043853180000e-003
0.00000000000000000000e+000
0.00000000000000000000e+000
3.09299198920669730000e-003
0.00000000000000000000e+000
0.00000000000000000000e+000
7.40062606060033340000e-099
0.00000000000000000000e+000
0.00000000000000000000e+000
-3.88270278360652960000e-205
0.00000000000000000000e+000
-4.71266992854298860000e-234
0.00000000000000000000e+000
0.00000000000000000000e+000
6.05816647674249710000e-206
0.00000000000000000000e+000
0.00000000000000000000e+000
-7.27402697380330900000e-102
0.00000000000000000000e+000
0.00000000000000000000e+000
6.64402156890941090000e-003
0.00000000000000000000e+000
0.00000000000000000000e+000
1.03758078259159940000e-044
0.00000000000000000000e+000
0.00000000000000000000e+000
-1.03921306009245240000e-224
0.00000000000000000000e+000
0.00000000000000000000e+000
0.00000000000000000000e+000
0.00000000000000000000e+000
0.00000000000000000000e+000
0.00000000000000000000e+000
0.00000000000000000000e+000
0.00000000000000000000e+000
0.00000000000000000000e+000
0.00000000000000000000e+000
0.00000000000000000000e+000
0.00000000000000000000e+000
0.00000000000000000000e+000
0.00000000000000000000e+000
0.00000000000000000000e+000
0.00000000000000000000e+000
0.00000000000000000000e+000
0.00000000000000000000e+000
0.00000000000000000000e+000
0.00000000000000000000e+000
0.00000000000000000000e+000
0.00000000000000000000e+000
0.00000000000000000000e+000
0.00000000000000000000e+000
0.00000000000000000000e+000
0.00000000000000000000e+000
0.00000000000000000000e+000
0.00000000000000000000e+000
0.00000000000000000000e+000
0.00000000000000000000e+000
0.00000000000000000000e+000
0.00000000000000000000e+000
0.00000000000000000000e+000
0.00000000000000000000e+000
0.00000000000000000000e+000
0.00000000000000000000e+000
0.00000000000000000000e+000
0.00000000000000000000e+000
0.00000000000000000000e+000
0.00000000000000000000e+000
0.00000000000000000000e+000
0.00000000000000000000e+000
0.00000000000000000000e+000
9.06024012554754180000e-001
2.64850123116642490000e-002
0.00000000000000000000e+000
0.00000000000000000000e+000
1.77636029494918250000e-002
0.00000000000000000000e+000
0.00000000000000000000e+000
0.00000000000000000000e+000
6.64663003026481730000e-003
0.00000000000000000000e+000
0.00000000000000000000e+000
0.00000000000000000000e+000
0.00000000000000000000e+000
0.00000000000000000000e+000
-5.16760280883659220000e-004
0.00000000000000000000e+000
0.00000000000000000000e+000
-8.45598205264465070000e-004
0.00000000000000000000e+000
0.00000000000000000000e+000
0.00000000000000000000e+000
0.00000000000000000000e+000
0.00000000000000000000e+000
0.00000000000000000000e+000
0.00000000000000000000e+000
0.00000000000000000000e+000
0.00000000000000000000e+000
0.00000000000000000000e+000
0.00000000000000000000e+000
0.00000000000000000000e+000
0.00000000000000000000e+000
0.00000000000000000000e+000
0.00000000000000000000e+000
0.00000000000000000000e+000
0.00000000000000000000e+000
0.00000000000000000000e+000
0.00000000000000000000e+000
0.00000000000000000000e+000
0.00000000000000000000e+000
0.00000000000000000000e+000
0.00000000000000000000e+000
0.00000000000000000000e+000
0.00000000000000000000e+000
0.00000000000000000000e+000
0.00000000000000000000e+000
0.00000000000000000000e+000
0.00000000000000000000e+000
0.00000000000000000000e+000
0.00000000000000000000e+000
0.00000000000000000000e+000
0.00000000000000000000e+000
0.00000000000000000000e+000
0.00000000000000000000e+000
0.00000000000000000000e+000
0.00000000000000000000e+000
1.33808103196181580000e-023
0.00000000000000000000e+000
0.00000000000000000000e+000
0.00000000000000000000e+000
0.00000000000000000000e+000
0.00000000000000000000e+000
1.45196234816878240000e-012
0.00000000000000000000e+000
0.00000000000000000000e+000
0.00000000000000000000e+000
0.00000000000000000000e+000
0.00000000000000000000e+000
1.85904976870400270000e-016
0.00000000000000000000e+000
0.00000000000000000000e+000
0.00000000000000000000e+000
0.00000000000000000000e+000
9.17043510081996890000e-019
0.00000000000000000000e+000
5.47819797129633680000e-016
0.00000000000000000000e+000
0.00000000000000000000e+000
0.00000000000000000000e+000
0.00000000000000000000e+000
1.29672945271928160000e-014
0.00000000000000000000e+000
0.00000000000000000000e+000
3.55548727767180280000e-032
0.00000000000000000000e+000
3.86985571796044840000e-015
0.00000000000000000000e+000
1.45533493786607140000e-035
0.00000000000000000000e+000
0.00000000000000000000e+000
-1.63025674620835880000e-022
0.00000000000000000000e+000
-1.11121900585794470000e-015
0.00000000000000000000e+000
9.06359734014675130000e-188
0.00000000000000000000e+000
0.00000000000000000000e+000
0.00000000000000000000e+000
0.00000000000000000000e+000
-2.93987718686288600000e-015
0.00000000000000000000e+000
1.86998925406173890000e-152
