ESTIMATED THICKNESSES

Thickness of film 1 = 638.00 nm

ESTIMATED INFLEXION POINTS

Inflexion point of the absorption coefficient of film 1 = 340.00 nm

ESTIMATED REFRACTIVE INDICES AND ABSORPTION COEFFICIENTS

Film 2

lambda                     n                          kappa
3.40000000000000000000e+002 2.39265651506413190000e+000 1.03686842505013620000e-001
3.46666666666666690000e+002 2.32058693044391440000e+000 5.64796764975440540000e-002
3.53333333333333310000e+002 2.24851734582369690000e+000 4.04483272522525720000e-002
3.60000000000000000000e+002 2.19947993415818880000e+000 2.44169780069610900000e-002
3.66666666666666690000e+002 2.15044252249268060000e+000 8.38562876166961190000e-003
3.73333333333333310000e+002 2.10140511082717250000e+000 6.37852794958678780000e-003
3.80000000000000000000e+002 2.07713521093659640000e+000 4.37142713750396370000e-003
3.86666666666666690000e+002 2.05286531104602020000e+000 2.36432632542113960000e-003
3.93333333333333310000e+002 2.02859541115544410000e+000 3.57225513338315940000e-004
4.00000000000000000000e+002 2.02013711580277500000e+000 3.13577623887407390000e-004
4.06666666666666690000e+002 2.01167882045010590000e+000 2.69929734436498840000e-004
4.13333333333333370000e+002 2.00322052509743690000e+000 2.26281844985590280000e-004
4.20000000000000000000e+002 1.99476222974476800000e+000 1.82633955534681730000e-004
4.26666666666666690000e+002 1.98630393439209920000e+000 1.38986066083773180000e-004
4.33333333333333370000e+002 1.97784563903943030000e+000 9.53381766328646130000e-005
4.40000000000000000000e+002 1.96938734368676150000e+000 6.35587844219097420000e-005
4.46666666666666690000e+002 1.96092904833409270000e+000 3.17793922109548710000e-005
4.53333333333333370000e+002 1.95247075298142380000e+000 4.12323573633753840000e-021
4.60000000000000000000e+002 1.94401245762875500000e+000 4.02952960303247090000e-021
4.66666666666666690000e+002 1.93555416227608610000e+000 3.93582346972740350000e-021
4.73333333333333370000e+002 1.92881226572706610000e+000 3.84211733642233600000e-021
4.80000000000000000000e+002 1.92207036917804610000e+000 3.74841120311726850000e-021
4.86666666666666690000e+002 1.91532847262902610000e+000 3.65470506981220100000e-021
4.93333333333333370000e+002 1.90858657608000600000e+000 3.56099893650713350000e-021
5.00000000000000000000e+002 1.90184467953098600000e+000 3.46729280320206610000e-021
5.06666666666666690000e+002 1.89510278298196600000e+000 3.37358666989699820000e-021
5.13333333333333370000e+002 1.88836088643294600000e+000 3.27988053659193030000e-021
5.20000000000000000000e+002 1.88161898988392600000e+000 3.18617440328686250000e-021
5.26666666666666740000e+002 1.87487709333490590000e+000 3.09246826998179460000e-021
5.33333333333333370000e+002 1.86813519678588590000e+000 2.99876213667672680000e-021
5.40000000000000000000e+002 1.86139330023686590000e+000 2.90505600337165890000e-021
5.46666666666666740000e+002 1.85900620592338010000e+000 2.81134987006659110000e-021
5.53333333333333370000e+002 1.85661911160989420000e+000 2.71764373676152320000e-021
5.60000000000000000000e+002 1.85423201729640840000e+000 2.62393760345645540000e-021
5.66666666666666740000e+002 1.85227010518049130000e+000 2.53023147015138750000e-021
5.73333333333333370000e+002 1.85030819306457420000e+000 2.43652533684631960000e-021
5.80000000000000000000e+002 1.84834628094865700000e+000 2.34281920354125180000e-021
5.86666666666666740000e+002 1.84638436883273990000e+000 2.24911307023618390000e-021
5.93333333333333370000e+002 1.84442245671682280000e+000 2.15540693693111610000e-021
6.00000000000000000000e+002 1.84246054460090570000e+000 2.06170080362604820000e-021
6.06666666666666740000e+002 1.84049863248498860000e+000 1.96799467032098040000e-021
6.13333333333333370000e+002 1.83853672036907150000e+000 1.87428853701591250000e-021
6.20000000000000000000e+002 1.83657480825315430000e+000 1.78058240371084470000e-021
6.26666666666666740000e+002 1.83461289613723720000e+000 1.68687627040577680000e-021
6.33333333333333370000e+002 1.83265098402132010000e+000 1.59317013710070910000e-021
6.40000000000000000000e+002 1.83068907190540300000e+000 1.49946400379564150000e-021
6.46666666666666740000e+002 1.82872715978948590000e+000 1.40575787049057380000e-021
6.53333333333333370000e+002 1.82676524767356870000e+000 1.31205173718550610000e-021
6.60000000000000000000e+002 1.82480333555765160000e+000 1.21834560388043850000e-021
6.66666666666666740000e+002 1.82284142344173450000e+000 1.12463947057537080000e-021
6.73333333333333370000e+002 1.82087951132581740000e+000 1.03093333727030310000e-021
6.80000000000000000000e+002 1.82087951132581740000e+000 9.37227203965235470000e-022
6.86666666666666740000e+002 1.82087951132581740000e+000 8.43521070660167800000e-022
6.93333333333333370000e+002 1.82087951132581740000e+000 7.49814937355100230000e-022
7.00000000000000000000e+002 1.82087951132581740000e+000 6.56108804050032650000e-022
7.06666666666666740000e+002 1.82087951132581740000e+000 5.62402670744965080000e-022
7.13333333333333370000e+002 1.82087951132581740000e+000 4.68696537439897510000e-022
7.20000000000000000000e+002 1.82087951132581740000e+000 3.74990404134829940000e-022
7.26666666666666740000e+002 1.82087951132581740000e+000 2.81284270829762320000e-022
7.33333333333333370000e+002 1.82087951132581740000e+000 1.87578137524694670000e-022
7.40000000000000000000e+002 1.82087951132581740000e+000 9.38720042196270160000e-023
7.46666666666666740000e+002 1.82087951132581740000e+000 1.65870914559364980000e-025
7.53333333333333370000e+002 1.82087951132581740000e+000 1.57278076149714550000e-025
7.60000000000000000000e+002 1.82087951132581740000e+000 1.48685237740064130000e-025
7.66666666666666740000e+002 1.82087951132581740000e+000 1.40092399330413700000e-025
7.73333333333333370000e+002 1.82087951132581740000e+000 1.31499560920763270000e-025
7.80000000000000000000e+002 1.82087951132581740000e+000 1.22906722511112850000e-025
7.86666666666666740000e+002 1.82087951132581740000e+000 1.14313884101462420000e-025
7.93333333333333370000e+002 1.82087951132581740000e+000 1.05722581721164230000e-025
8.00000000000000000000e+002 1.82087951132581740000e+000 9.71312793408660580000e-026
8.06666666666666740000e+002 1.82087951132581740000e+000 8.85399769605678830000e-026
8.13333333333333370000e+002 1.82087951132581740000e+000 7.99486745802697090000e-026
8.20000000000000000000e+002 1.82087951132581740000e+000 7.13573721999715340000e-026
8.26666666666666740000e+002 1.82087951132581740000e+000 6.27660698570497520000e-026
8.33333333333333370000e+002 1.82087951132581740000e+000 5.41747675141279700000e-026
8.40000000000000000000e+002 1.82087951132581740000e+000 4.55968032392118440000e-026
8.46666666666666740000e+002 1.82087951132581740000e+000 3.70188389642957190000e-026
8.53333333333333370000e+002 1.82087951132581740000e+000 2.84408746893795930000e-026
8.60000000000000000000e+002 1.82087951132581740000e+000 1.98629104144634700000e-026
8.66666666666666740000e+002 1.82087951132581740000e+000 1.12849461395473470000e-026
8.73333333333333370000e+002 1.82087951132581740000e+000 1.01803475248518810000e-026
8.80000000000000000000e+002 1.82087951132581740000e+000 9.07574891015641430000e-027
8.86666666666666740000e+002 1.82087951132581740000e+000 7.97115029546094770000e-027
8.93333333333333370000e+002 1.82087951132581740000e+000 6.86655168076548120000e-027
9.00000000000000000000e+002 1.82087951132581740000e+000 5.76195306607001530000e-027
9.06666666666666740000e+002 1.82087951132581740000e+000 5.32294481927815780000e-027
9.13333333333333370000e+002 1.82087951132581740000e+000 4.88393657248630020000e-027
9.20000000000000000000e+002 1.82087951132581740000e+000 4.44492832569444270000e-027
9.26666666666666740000e+002 1.82087951132581740000e+000 4.00592007890258510000e-027
9.33333333333333370000e+002 1.82087951132581740000e+000 3.56691183211072760000e-027
9.40000000000000000000e+002 1.82087951132581740000e+000 3.12790358531887150000e-027
9.46666666666666740000e+002 1.82087951132581740000e+000 2.68889533852701570000e-027
9.53333333333333370000e+002 1.82087951132581740000e+000 2.30476743302315640000e-027
9.60000000000000000000e+002 1.82087951132581740000e+000 1.92063952751929700000e-027
9.66666666666666740000e+002 1.82087951132581740000e+000 1.53651162201543770000e-027
9.73333333333333370000e+002 1.82087951132581740000e+000 1.15238371651157840000e-027
9.80000000000000000000e+002 1.82087951132581740000e+000 7.68255811007718940000e-028
9.86666666666666740000e+002 1.82087951132581740000e+000 3.84127905503859470000e-028
9.93333333333333370000e+002 1.82087951132581740000e+000 3.49685981030637870000e-028
1.00000000000000000000e+003 1.82087951132581740000e+000 3.49685981030637870000e-028


TRANSMITTANCE WITH THE ESTIMATED THICKNESSES AND OPTICAL PARAMETERS

lambda                     t
3.40000000000000000000e+002 6.67279996495456220000e-002
3.46666666666666690000e+002 2.01583427040434550000e-001
3.53333333333333310000e+002 3.25758725268613380000e-001
3.60000000000000000000e+002 4.73409155226399200000e-001
3.66666666666666690000e+002 6.15092529052402750000e-001
3.73333333333333310000e+002 7.38110897551076510000e-001
3.80000000000000000000e+002 8.20214673648259280000e-001
3.86666666666666690000e+002 7.98153569254368760000e-001
3.93333333333333310000e+002 7.68416354827222260000e-001
4.00000000000000000000e+002 7.67660365492723210000e-001
4.06666666666666690000e+002 8.05332740107740470000e-001
4.13333333333333370000e+002 8.60981536568145130000e-001
4.20000000000000000000e+002 9.01922775740184420000e-001
4.26666666666666690000e+002 9.03242180459555180000e-001
4.33333333333333370000e+002 8.69944629466840480000e-001
4.40000000000000000000e+002 8.27391783012045630000e-001
4.46666666666666690000e+002 7.97589308143094030000e-001
4.53333333333333370000e+002 7.89964494753411680000e-001
4.60000000000000000000e+002 8.04201116751371850000e-001
4.66666666666666690000e+002 8.34759249440219510000e-001
4.73333333333333370000e+002 8.69245186754141970000e-001
4.80000000000000000000e+002 8.98096974876700040000e-001
4.86666666666666690000e+002 9.12065406573357770000e-001
4.93333333333333370000e+002 9.07969374155839560000e-001
5.00000000000000000000e+002 8.89663434468497270000e-001
5.06666666666666690000e+002 8.64931079370456770000e-001
5.13333333333333370000e+002 8.41409268541134400000e-001
5.20000000000000000000e+002 8.24336980239639970000e-001
5.26666666666666740000e+002 8.16270910987026640000e-001
5.33333333333333370000e+002 8.17659105294084810000e-001
5.40000000000000000000e+002 8.27455125698459140000e-001
5.46666666666666740000e+002 8.39984914002421260000e-001
5.53333333333333370000e+002 8.55606548349445050000e-001
5.60000000000000000000e+002 8.72366338986606760000e-001
5.66666666666666740000e+002 8.87927177156968780000e-001
5.73333333333333370000e+002 9.00870312192709740000e-001
5.80000000000000000000e+002 9.09808650040540460000e-001
5.86666666666666740000e+002 9.13949056191148080000e-001
5.93333333333333370000e+002 9.13176420385762410000e-001
6.00000000000000000000e+002 9.07998571099843050000e-001
6.06666666666666740000e+002 8.99378307506452650000e-001
6.13333333333333370000e+002 8.88514295908826800000e-001
6.20000000000000000000e+002 8.76635248235013260000e-001
6.26666666666666740000e+002 8.64848757286277970000e-001
6.33333333333333370000e+002 8.54056392256779430000e-001
6.40000000000000000000e+002 8.44925103846143610000e-001
6.46666666666666740000e+002 8.37896068477728130000e-001
6.53333333333333370000e+002 8.33212708706267960000e-001
6.60000000000000000000e+002 8.30954640731325410000e-001
6.66666666666666740000e+002 8.31069914589527840000e-001
6.73333333333333370000e+002 8.33402331187846570000e-001
6.80000000000000000000e+002 8.36666312308664730000e-001
6.86666666666666740000e+002 8.41367493003568720000e-001
6.93333333333333370000e+002 8.47271200739071810000e-001
7.00000000000000000000e+002 8.54115788994789570000e-001
7.06666666666666740000e+002 8.61620666655110390000e-001
7.13333333333333370000e+002 8.69494712103082930000e-001
7.20000000000000000000e+002 8.77445314281915970000e-001
7.26666666666666740000e+002 8.85187996236899140000e-001
7.33333333333333370000e+002 8.92456299738193740000e-001
7.40000000000000000000e+002 8.99011382640942050000e-001
7.46666666666666740000e+002 9.04650641996638580000e-001
7.53333333333333370000e+002 9.09214653428067070000e-001
7.60000000000000000000e+002 9.12591819400023760000e-001
7.66666666666666740000e+002 9.14720329844057050000e-001
7.73333333333333370000e+002 9.15587319441803270000e-001
7.80000000000000000000e+002 9.15225403873636050000e-001
7.86666666666666740000e+002 9.13707038445915280000e-001
7.93333333333333370000e+002 9.11137324491188670000e-001
8.00000000000000000000e+002 9.07645970139446260000e-001
8.06666666666666740000e+002 9.03379093564501860000e-001
8.13333333333333370000e+002 8.98491458281981960000e-001
8.20000000000000000000e+002 8.93139581726365090000e-001
8.26666666666666740000e+002 8.87475992168250020000e-001
8.33333333333333370000e+002 8.81644751961586760000e-001
8.40000000000000000000e+002 8.75778235215617930000e-001
8.46666666666666740000e+002 8.69995053874540010000e-001
8.53333333333333370000e+002 8.64398968539854980000e-001
8.60000000000000000000e+002 8.59078594525581660000e-001
8.66666666666666740000e+002 8.54107712243898700000e-001
8.73333333333333370000e+002 8.49546006161258420000e-001
8.80000000000000000000e+002 8.45440081141671800000e-001
8.86666666666666740000e+002 8.41824633403960080000e-001
8.93333333333333370000e+002 8.38723681624238710000e-001
9.00000000000000000000e+002 8.36151789475843120000e-001
9.06666666666666740000e+002 8.34115232869698020000e-001
9.13333333333333370000e+002 8.32613082941122910000e-001
9.20000000000000000000e+002 8.31638189569449240000e-001
9.26666666666666740000e+002 8.31178060361657530000e-001
9.33333333333333370000e+002 8.31215637157098230000e-001
9.40000000000000000000e+002 8.31729976812331300000e-001
9.46666666666666740000e+002 8.32696845852379690000e-001
9.53333333333333370000e+002 8.34089239999742160000e-001
9.60000000000000000000e+002 8.35877840001876260000e-001
9.66666666666666740000e+002 8.38031414875924700000e-001
9.73333333333333370000e+002 8.40517182908314790000e-001
9.80000000000000000000e+002 8.43301139659504820000e-001
9.86666666666666740000e+002 8.46348360956690190000e-001
9.93333333333333370000e+002 8.49623287501028220000e-001
1.00000000000000000000e+003 8.53089996336608870000e-001


QUADRATIC ERROR = 6.811959e-002
