130
403 0.533796
406 0.528427
409 0.526895
412 0.532252
415 0.545833
418 0.567230
421 0.594185
424 0.621438
427 0.643155
430 0.657886
433 0.668519
436 0.678116
439 0.687703
442 0.695860
445 0.700698
448 0.703080
451 0.705054
454 0.707775
457 0.711729
460 0.717358
463 0.723308
466 0.727346
469 0.729346
472 0.730037
475 0.730322
478 0.731376
481 0.734150
484 0.738290
487 0.742814
490 0.746693
493 0.749176
496 0.750014
499 0.749592
502 0.748480
505 0.747802
508 0.748370
511 0.750264
514 0.753374
517 0.757280
520 0.761360
523 0.764908
526 0.767186
529 0.768033
532 0.767925
535 0.766901
538 0.765418
541 0.764012
544 0.763733
547 0.764965
550 0.766853
553 0.769324
556 0.772310
559 0.775442
562 0.778125
565 0.779467
568 0.780371
571 0.780659
574 0.779617
577 0.778282
580 0.777247
583 0.776088
586 0.775187
589 0.775385
592 0.776272
595 0.777802
598 0.779891
601 0.782096
604 0.784508
607 0.786944
610 0.788867
613 0.790591
616 0.791751
619 0.791923
622 0.791509
625 0.790444
628 0.789213
631 0.787645
634 0.786293
637 0.785866
640 0.785459
643 0.785291
646 0.785926
649 0.787238
652 0.788722
655 0.790912
658 0.793720
661 0.795926
664 0.798142
667 0.800364
670 0.802103
673 0.803432
676 0.804007
679 0.804426
682 0.804218
685 0.803217
688 0.802038
691 0.801134
694 0.800057
697 0.798409
700 0.797358
703 0.796759
706 0.795533
709 0.795130
712 0.796101
715 0.797077
718 0.797817
721 0.798752
724 0.800570
727 0.802211
730 0.804263
733 0.806466
736 0.808432
739 0.810779
742 0.812817
745 0.814216
748 0.815163
751 0.815902
754 0.816254
757 0.816218
760 0.815782
763 0.815330
766 0.814792
769 0.813744
772 0.812431
775 0.811176
778 0.810037
781 0.808856
784 0.807750
787 0.806385
