1781
201 3.923352
202 3.762942
203 3.617035
204 3.480970
205 3.350482
206 3.235206
207 3.139367
208 3.053152
209 2.970318
210 2.891655
211 2.823405
212 2.766143
213 2.718078
214 2.673347
215 2.631883
216 2.599060
217 2.568755
218 2.533852
219 2.500251
220 2.473118
221 2.442397
222 2.405778
223 2.370616
224 2.337604
225 2.300041
226 2.261170
227 2.219371
228 2.176356
229 2.137734
230 2.096228
231 2.056638
232 2.020188
233 1.982074
234 1.938501
235 1.889880
236 1.842479
237 1.797921
238 1.759679
239 1.724862
240 1.694641
241 1.668208
242 1.634556
243 1.604562
244 1.583295
245 1.561061
246 1.540014
247 1.523154
248 1.506887
249 1.490223
250 1.470764
251 1.446911
252 1.423260
253 1.402268
254 1.384013
255 1.368149
256 1.350666
257 1.331855
258 1.315713
259 1.302380
260 1.289073
261 1.275848
262 1.263706
263 1.251921
264 1.241022
265 1.231155
266 1.220568
267 1.211558
268 1.206988
269 1.202249
270 1.198446
271 1.197330
272 1.196219
273 1.193544
274 1.190775
275 1.186942
276 1.184726
277 1.182787
278 1.179203
279 1.175529
280 1.171093
281 1.165977
282 1.157892
283 1.150528
284 1.144159
285 1.134677
286 1.124326
287 1.114498
288 1.103896
289 1.094233
290 1.083518
291 1.072013
292 1.061861
293 1.052920
294 1.044228
295 1.036766
296 1.029190
297 1.022662
298 1.016527
299 1.009458
300 1.004461
301 0.999545
302 0.995262
303 0.992325
304 0.987004
305 0.979259
306 0.972738
307 0.965138
308 0.957103
309 0.950006
310 0.947261
311 0.947385
312 0.945497
313 0.943891
314 0.942415
315 0.941976
316 0.942194
317 0.941695
318 0.940179
319 0.938870
320 0.937141
321 0.936154
322 0.938428
323 0.939295
324 0.937215
325 0.936148
326 0.935832
327 0.935805
328 0.938632
329 0.943170
330 0.950897
331 0.947910
332 0.941546
333 0.943390
334 0.945947
335 0.947688
336 0.952002
337 0.956318
338 0.960322
339 0.963562
340 0.961661
341 0.959512
342 0.959240
343 0.957386
344 0.954669
345 0.955841
346 0.951325
347 0.945129
348 0.940706
349 0.930843
350 0.921805
351 0.913648
352 0.906217
353 0.900244
354 0.890779
355 0.882179
356 0.874531
357 0.868855
358 0.864351
359 0.859198
360 0.852910
361 0.843400
362 0.834357
363 0.826988
364 0.816625
365 0.802308
366 0.789800
367 0.782465
368 0.772498
369 0.757672
370 0.743846
371 0.732959
372 0.723533
373 0.715565
374 0.707989
375 0.698327
376 0.687289
377 0.678305
378 0.673345
379 0.671686
380 0.670464
381 0.666833
382 0.663280
383 0.659805
384 0.655834
385 0.652816
386 0.650177
387 0.646535
388 0.643371
389 0.641277
390 0.638677
391 0.635271
392 0.631975
393 0.628733
394 0.625405
395 0.621915
396 0.618231
397 0.614622
398 0.610792
399 0.607313
400 0.604184
401 0.600441
402 0.596683
403 0.593690
404 0.591237
405 0.588968
406 0.586935
407 0.585493
408 0.584597
409 0.584389
410 0.585330
411 0.587364
412 0.590022
413 0.593754
414 0.598806
415 0.605027
416 0.612961
417 0.621613
418 0.630171
419 0.639413
420 0.649394
421 0.659724
422 0.669896
423 0.679353
424 0.687839
425 0.695560
426 0.702513
427 0.708420
428 0.713761
429 0.718702
430 0.723007
431 0.727005
432 0.730799
433 0.734784
434 0.739067
435 0.742830
436 0.746155
437 0.749562
438 0.753400
439 0.756978
440 0.759697
441 0.762224
442 0.764736
443 0.766638
444 0.767644
445 0.768218
446 0.768747
447 0.768974
448 0.769109
449 0.769495
450 0.769881
451 0.770724
452 0.771753
453 0.772587
454 0.774225
455 0.776390
456 0.778114
457 0.779962
458 0.782142
459 0.784322
460 0.786281
461 0.788017
462 0.789361
463 0.790442
464 0.791682
465 0.792769
466 0.793153
467 0.793074
468 0.793249
469 0.793379
470 0.793395
471 0.793481
472 0.793646
473 0.794000
474 0.794501
475 0.795080
476 0.795484
477 0.795875
478 0.796490
479 0.797763
480 0.799801
481 0.801790
482 0.803643
483 0.805160
484 0.805871
485 0.806340
486 0.807484
487 0.808962
488 0.809820
489 0.810350
490 0.810942
491 0.811267
492 0.810995
493 0.810858
494 0.810792
495 0.810361
496 0.809974
497 0.809138
498 0.808033
499 0.807227
500 0.806521
501 0.805709
502 0.805304
503 0.805154
504 0.804943
505 0.804786
506 0.804721
507 0.805294
508 0.806111
509 0.806724
510 0.807472
511 0.808477
512 0.809732
513 0.811243
514 0.812785
515 0.814375
516 0.815679
517 0.816756
518 0.818053
519 0.819421
520 0.820652
521 0.821659
522 0.822767
523 0.823730
524 0.824159
525 0.824589
526 0.824837
527 0.824812
528 0.824914
529 0.824854
530 0.824250
531 0.823545
532 0.823154
533 0.822796
534 0.822158
535 0.821533
536 0.821369
537 0.821201
538 0.820961
539 0.820476
540 0.820084
541 0.820106
542 0.820145
543 0.820158
544 0.820445
545 0.820910
546 0.821629
547 0.822153
548 0.822425
549 0.823394
550 0.824562
551 0.825564
552 0.826494
553 0.827679
554 0.828796
555 0.829768
556 0.830692
557 0.831827
558 0.833130
559 0.833889
560 0.834651
561 0.835631
562 0.836156
563 0.836275
564 0.836183
565 0.835772
566 0.835972
567 0.836756
568 0.836709
569 0.836223
570 0.836261
571 0.836316
572 0.835594
573 0.835068
574 0.834861
575 0.834368
576 0.833975
577 0.833401
578 0.833393
579 0.833272
580 0.832626
581 0.832551
582 0.832199
583 0.831834
584 0.832138
585 0.832185
586 0.832225
587 0.832898
588 0.833113
589 0.833119
590 0.833818
591 0.834001
592 0.834748
593 0.836076
594 0.837003
595 0.838156
596 0.838775
597 0.839157
598 0.840284
599 0.841720
600 0.842817
601 0.843468
602 0.844319
603 0.845422
604 0.846508
605 0.847480
606 0.848105
607 0.848979
608 0.849645
609 0.850220
610 0.851172
611 0.851670
612 0.851785
613 0.852380
614 0.853006
615 0.853016
616 0.852970
617 0.852938
618 0.852823
619 0.852517
620 0.852420
621 0.852565
622 0.851952
623 0.850951
624 0.850487
625 0.850691
626 0.850793
627 0.850314
628 0.849505
629 0.849288
630 0.849172
631 0.848926
632 0.849333
633 0.849389
634 0.848935
635 0.848457
636 0.848229
637 0.848712
638 0.848519
639 0.847925
640 0.848337
641 0.849053
642 0.849348
643 0.849478
644 0.850156
645 0.850814
646 0.851563
647 0.852385
648 0.852938
649 0.853457
650 0.853918
651 0.854876
652 0.855688
653 0.856640
654 0.857977
655 0.858635
656 0.859193
657 0.860136
658 0.861256
659 0.862324
660 0.862712
661 0.863250
662 0.864389
663 0.865572
664 0.866965
665 0.867955
666 0.868504
667 0.868897
668 0.869160
669 0.869683
670 0.869719
671 0.869582
672 0.870183
673 0.870592
674 0.870644
675 0.870652
676 0.870661
677 0.870923
678 0.871508
679 0.871768
680 0.871214
681 0.870429
682 0.870548
683 0.871039
684 0.871056
685 0.870556
686 0.869716
687 0.868943
688 0.868617
689 0.868143
690 0.867337
691 0.867417
692 0.867780
693 0.867485
694 0.867066
695 0.866754
696 0.866187
697 0.865889
698 0.865800
699 0.865496
700 0.865451
701 0.865402
702 0.864908
703 0.864470
704 0.864382
705 0.864103
706 0.864082
707 0.864880
708 0.866010
709 0.866353
710 0.865989
711 0.866489
712 0.867223
713 0.867253
714 0.867520
715 0.867853
716 0.867646
717 0.867683
718 0.868359
719 0.869574
720 0.870955
721 0.871641
722 0.871919
723 0.872759
724 0.874127
725 0.874993
726 0.874958
727 0.875127
728 0.875683
729 0.876458
730 0.877782
731 0.878894
732 0.879509
733 0.879946
734 0.880889
735 0.882121
736 0.882893
737 0.883390
738 0.883654
739 0.883835
740 0.884832
741 0.885999
742 0.886227
743 0.886176
744 0.886592
745 0.887148
746 0.888358
747 0.889020
748 0.887750
749 0.887420
750 0.888322
751 0.888562
752 0.888111
753 0.887863
754 0.888405
755 0.889055
756 0.889337
757 0.888971
758 0.887914
759 0.887642
760 0.888037
761 0.888080
762 0.887626
763 0.886900
764 0.886187
765 0.885639
766 0.885752
767 0.886711
768 0.886123
769 0.884296
770 0.883351
771 0.882890
772 0.883499
773 0.883185
774 0.882112
775 0.881885
776 0.881741
777 0.881057
778 0.881064
779 0.881334
780 0.880440
781 0.879542
782 0.879493
783 0.880511
784 0.880114
785 0.877632
786 0.876626
787 0.877149
788 0.877368
789 0.877404
790 0.877625
791 0.878166
792 0.878527
793 0.878146
794 0.877734
795 0.877647
796 0.878333
797 0.879683
798 0.880091
799 0.879195
800 0.878512
801 0.879524
802 0.880376
803 0.880020
804 0.879020
805 0.879103
806 0.879905
807 0.880479
808 0.881250
809 0.882342
810 0.882486
811 0.882223
812 0.882920
813 0.882830
814 0.882634
815 0.883839
816 0.885875
817 0.886309
818 0.886914
819 0.888051
820 0.887079
821 0.885850
822 0.884984
823 0.887379
824 0.890616
825 0.890704
826 0.891175
827 0.892018
828 0.892748
829 0.891685
830 0.891228
831 0.893262
832 0.894240
833 0.894749
834 0.896316
835 0.896847
836 0.897363
837 0.896838
838 0.896127
839 0.898360
840 0.899210
841 0.898594
842 0.898106
843 0.898622
844 0.900269
845 0.898903
846 0.897060
847 0.898357
848 0.901423
849 0.901386
850 0.898411
851 0.899678
852 0.904073
853 0.904149
854 0.900872
855 0.898445
856 0.897149
857 0.899429
858 0.899617
859 0.898578
860 0.896022
861 0.897150
862 0.901992
863 0.901682
864 0.901363
865 0.901211
866 0.900464
867 0.899500
868 0.899182
869 0.899094
870 0.898959
871 0.898654
872 0.898322
873 0.898012
874 0.897251
875 0.896846
876 0.896712
877 0.896424
878 0.896259
879 0.895685
880 0.895033
881 0.894956
882 0.894217
883 0.893893
884 0.893874
885 0.893243
886 0.892911
887 0.892240
888 0.891715
889 0.891549
890 0.891592
891 0.891416
892 0.890967
893 0.890604
894 0.890571
895 0.890574
896 0.890148
897 0.889943
898 0.889654
899 0.889202
900 0.889033
901 0.888903
902 0.888636
903 0.888410
904 0.888223
905 0.888196
906 0.888205
907 0.888217
908 0.888275
909 0.888197
910 0.887902
911 0.887923
912 0.888335
913 0.888445
914 0.888537
915 0.888701
916 0.888725
917 0.888782
918 0.888866
919 0.889102
920 0.889425
921 0.889726
922 0.889871
923 0.890109
924 0.890359
925 0.890664
926 0.890978
927 0.891084
928 0.891289
929 0.891768
930 0.892220
931 0.892541
932 0.893026
933 0.893527
934 0.893832
935 0.894101
936 0.894421
937 0.894795
938 0.895237
939 0.895681
940 0.896119
941 0.896441
942 0.896679
943 0.897057
944 0.897537
945 0.898048
946 0.898390
947 0.898656
948 0.898923
949 0.899288
950 0.899718
951 0.900134
952 0.900652
953 0.901047
954 0.901317
955 0.901621
956 0.901903
957 0.902286
958 0.902621
959 0.902840
960 0.903212
961 0.903669
962 0.904025
963 0.904310
964 0.904666
965 0.904985
966 0.905117
967 0.905233
968 0.905396
969 0.905628
970 0.905887
971 0.906037
972 0.906079
973 0.906136
974 0.906332
975 0.906439
976 0.906443
977 0.906491
978 0.906491
979 0.906481
980 0.906617
981 0.906805
982 0.906765
983 0.906570
984 0.906492
985 0.906554
986 0.906578
987 0.906484
988 0.906328
989 0.906129
990 0.905871
991 0.905574
992 0.905057
993 0.903978
994 0.902227
995 0.900712
996 0.900237
997 0.899758
998 0.898969
999 0.898673
1000 0.897969
1001 0.896606
1002 0.896168
1003 0.897104
1004 0.897557
1005 0.896117
1006 0.894808
1007 0.894923
1008 0.894418
1009 0.893544
1010 0.893616
1011 0.893615
1012 0.893306
1013 0.893020
1014 0.892620
1015 0.892137
1016 0.891659
1017 0.891181
1018 0.890741
1019 0.890366
1020 0.889998
1021 0.889650
1022 0.889276
1023 0.888880
1024 0.889048
1025 0.889114
1026 0.888375
1027 0.887710
1028 0.887222
1029 0.886777
1030 0.886399
1031 0.886150
1032 0.886028
1033 0.886258
1034 0.886127
1035 0.885235
1036 0.884580
1037 0.884837
1038 0.884960
1039 0.884199
1040 0.884081
1041 0.884517
1042 0.883994
1043 0.883048
1044 0.883249
1045 0.883384
1046 0.882605
1047 0.882152
1048 0.882488
1049 0.882977
1050 0.882433
1051 0.881445
1052 0.881118
1053 0.881640
1054 0.882211
1055 0.881635
1056 0.880704
1057 0.880978
1058 0.881753
1059 0.881916
1060 0.881319
1061 0.880519
1062 0.880171
1063 0.880637
1064 0.881462
1065 0.881651
1066 0.881613
1067 0.881152
1068 0.880485
1069 0.880281
1070 0.880719
1071 0.881391
1072 0.881556
1073 0.881022
1074 0.880410
1075 0.880488
1076 0.881357
1077 0.882222
1078 0.882402
1079 0.882031
1080 0.881619
1081 0.881557
1082 0.882192
1083 0.883021
1084 0.883273
1085 0.883471
1086 0.883114
1087 0.882574
1088 0.883271
1089 0.884349
1090 0.884797
1091 0.884899
1092 0.884674
1093 0.884364
1094 0.884366
1095 0.885100
1096 0.886099
1097 0.886453
1098 0.886537
1099 0.886700
1100 0.886545
1101 0.886489
1102 0.886737
1103 0.887489
1104 0.888380
1105 0.888780
1106 0.889045
1107 0.889310
1108 0.889553
1109 0.889768
1110 0.889971
1111 0.890161
1112 0.890463
1113 0.890822
1114 0.891144
1115 0.891577
1116 0.892024
1117 0.892286
1118 0.892454
1119 0.892604
1120 0.892822
1121 0.893194
1122 0.893565
1123 0.893875
1124 0.894194
1125 0.894562
1126 0.894871
1127 0.895151
1128 0.894809
1129 0.894319
1130 0.895113
1131 0.896049
1132 0.896392
1133 0.896705
1134 0.896986
1135 0.897137
1136 0.897162
1137 0.897212
1138 0.896798
1139 0.896481
1140 0.897258
1141 0.897980
1142 0.898150
1143 0.898184
1144 0.898267
1145 0.898391
1146 0.898527
1147 0.898732
1148 0.898819
1149 0.898861
1150 0.898556
1151 0.898719
1152 0.898992
1153 0.898973
1154 0.899161
1155 0.899246
1156 0.899523
1157 0.899705
1158 0.899606
1159 0.899469
1160 0.898889
1161 0.898278
1162 0.898692
1163 0.899079
1164 0.899065
1165 0.899217
1166 0.899166
1167 0.899052
1168 0.898880
1169 0.898549
1170 0.898409
1171 0.898453
1172 0.898404
1173 0.898240
1174 0.898111
1175 0.898010
1176 0.897930
1177 0.897883
1178 0.897780
1179 0.897546
1180 0.897332
1181 0.897147
1182 0.896908
1183 0.896650
1184 0.896410
1185 0.896120
1186 0.895856
1187 0.895630
1188 0.895368
1189 0.895140
1190 0.895007
1191 0.894713
1192 0.894323
1193 0.894040
1194 0.893766
1195 0.893614
1196 0.893369
1197 0.892976
1198 0.892714
1199 0.892477
1200 0.892048
1201 0.891567
1202 0.891149
1203 0.890766
1204 0.890467
1205 0.890211
1206 0.889921
1207 0.889513
1208 0.888622
1209 0.888113
1210 0.888019
1211 0.887649
1212 0.887483
1213 0.887256
1214 0.886843
1215 0.886503
1216 0.886149
1217 0.885668
1218 0.885264
1219 0.885025
1220 0.884660
1221 0.884274
1222 0.883971
1223 0.883626
1224 0.883310
1225 0.882715
1226 0.881882
1227 0.881752
1228 0.881866
1229 0.881542
1230 0.881227
1231 0.880932
1232 0.880582
1233 0.880206
1234 0.879805
1235 0.879530
1236 0.879268
1237 0.878993
1238 0.878706
1239 0.878353
1240 0.878035
1241 0.877731
1242 0.877532
1243 0.877376
1244 0.877095
1245 0.876635
1246 0.876185
1247 0.875859
1248 0.875686
1249 0.875509
1250 0.875290
1251 0.875104
1252 0.874847
1253 0.874578
1254 0.874326
1255 0.874068
1256 0.873860
1257 0.873716
1258 0.873577
1259 0.873385
1260 0.873103
1261 0.872738
1262 0.872446
1263 0.872338
1264 0.872279
1265 0.872071
1266 0.871857
1267 0.871684
1268 0.871520
1269 0.871466
1270 0.871452
1271 0.871441
1272 0.871423
1273 0.871369
1274 0.871283
1275 0.871179
1276 0.871098
1277 0.871047
1278 0.870935
1279 0.870770
1280 0.870665
1281 0.870616
1282 0.870492
1283 0.870354
1284 0.870317
1285 0.870252
1286 0.870166
1287 0.870142
1288 0.870147
1289 0.870078
1290 0.870018
1291 0.870064
1292 0.870079
1293 0.870098
1294 0.870599
1295 0.871014
1296 0.870709
1297 0.870457
1298 0.870197
1299 0.869988
1300 0.870297
1301 0.870552
1302 0.870585
1303 0.870659
1304 0.870754
1305 0.870916
1306 0.871107
1307 0.871251
1308 0.871412
1309 0.871529
1310 0.871567
1311 0.871603
1312 0.871695
1313 0.871876
1314 0.872153
1315 0.872336
1316 0.872461
1317 0.872735
1318 0.873038
1319 0.873276
1320 0.873385
1321 0.873379
1322 0.873522
1323 0.873794
1324 0.873994
1325 0.874153
1326 0.874313
1327 0.874616
1328 0.874978
1329 0.875097
1330 0.875139
1331 0.875291
1332 0.875597
1333 0.875833
1334 0.876330
1335 0.876603
1336 0.876249
1337 0.876210
1338 0.876375
1339 0.876042
1340 0.875923
1341 0.876939
1342 0.877543
1343 0.876669
1344 0.876458
1345 0.877371
1346 0.877840
1347 0.877952
1348 0.878122
1349 0.878213
1350 0.878205
1351 0.878429
1352 0.878917
1353 0.879280
1354 0.879422
1355 0.879645
1356 0.879982
1357 0.880349
1358 0.879684
1359 0.879458
1360 0.880588
1361 0.881267
1362 0.881606
1363 0.880922
1364 0.880022
1365 0.880063
1366 0.880274
1367 0.880651
1368 0.881875
1369 0.883334
1370 0.884109
1371 0.884417
1372 0.884608
1373 0.884907
1374 0.885196
1375 0.885573
1376 0.885955
1377 0.885375
1378 0.884836
1379 0.885755
1380 0.886623
1381 0.886859
1382 0.887151
1383 0.887388
1384 0.887435
1385 0.887623
1386 0.887897
1387 0.888145
1388 0.888349
1389 0.888441
1390 0.888603
1391 0.888892
1392 0.889183
1393 0.889424
1394 0.889728
1395 0.889970
1396 0.890312
1397 0.890547
1398 0.890744
1399 0.891006
1400 0.891056
1401 0.891077
1402 0.891198
1403 0.890361
1404 0.889564
1405 0.890671
1406 0.891646
1407 0.891842
1408 0.892118
1409 0.893338
1410 0.893726
1411 0.891906
1412 0.890881
1413 0.891830
1414 0.892661
1415 0.892642
1416 0.892931
1417 0.893291
1418 0.893210
1419 0.892377
1420 0.892561
1421 0.893313
1422 0.893414
1423 0.893635
1424 0.893623
1425 0.893554
1426 0.893668
1427 0.893619
1428 0.893377
1429 0.893444
1430 0.893573
1431 0.893467
1432 0.893339
1433 0.893359
1434 0.893352
1435 0.893164
1436 0.893118
1437 0.893225
1438 0.893076
1439 0.891847
1440 0.890767
1441 0.890563
1442 0.891494
1443 0.892517
1444 0.892393
1445 0.892242
1446 0.892083
1447 0.892014
1448 0.892025
1449 0.891870
1450 0.891707
1451 0.891693
1452 0.891544
1453 0.891267
1454 0.890005
1455 0.889925
1456 0.890862
1457 0.890739
1458 0.890582
1459 0.890477
1460 0.890146
1461 0.888925
1462 0.888841
1463 0.889503
1464 0.889329
1465 0.889278
1466 0.889144
1467 0.888012
1468 0.887823
1469 0.888530
1470 0.888213
1471 0.887954
1472 0.887771
1473 0.887547
1474 0.887414
1475 0.887358
1476 0.887233
1477 0.887045
1478 0.886881
1479 0.886735
1480 0.886385
1481 0.885060
1482 0.883786
1483 0.883469
1484 0.883154
1485 0.883126
1486 0.884189
1487 0.884863
1488 0.884464
1489 0.884146
1490 0.883774
1491 0.883328
1492 0.882754
1493 0.881393
1494 0.880486
1495 0.881174
1496 0.881712
1497 0.881588
1498 0.881453
1499 0.881001
1500 0.879841
1501 0.879803
1502 0.880425
1503 0.880257
1504 0.879777
1505 0.878628
1506 0.878750
1507 0.879386
1508 0.878728
1509 0.877251
1510 0.876277
1511 0.876994
1512 0.877591
1513 0.877066
1514 0.875577
1515 0.874735
1516 0.875665
1517 0.876275
1518 0.875609
1519 0.874076
1520 0.873232
1521 0.874086
1522 0.874760
1523 0.874660
1524 0.874099
1525 0.872801
1526 0.871861
1527 0.871602
1528 0.871331
1529 0.871420
1530 0.872207
1531 0.872671
1532 0.872487
1533 0.872224
1534 0.871867
1535 0.871316
1536 0.870195
1537 0.868899
1538 0.868068
1539 0.867687
1540 0.867405
1541 0.867404
1542 0.868150
1543 0.868627
1544 0.868356
1545 0.868075
1546 0.867895
1547 0.867695
1548 0.867378
1549 0.867092
1550 0.866887
1551 0.866615
1552 0.866748
1553 0.867859
1554 0.869176
1555 0.869943
1556 0.870242
1557 0.870193
1558 0.869965
1559 0.869728
1560 0.869564
1561 0.869378
1562 0.869139
1563 0.868956
1564 0.868794
1565 0.868575
1566 0.868295
1567 0.867982
1568 0.867663
1569 0.867408
1570 0.867249
1571 0.867156
1572 0.867086
1573 0.866915
1574 0.866675
1575 0.866430
1576 0.866142
1577 0.865952
1578 0.865784
1579 0.865597
1580 0.865541
1581 0.865482
1582 0.865361
1583 0.865184
1584 0.864954
1585 0.864827
1586 0.864752
1587 0.864607
1588 0.864395
1589 0.864117
1590 0.863927
1591 0.863908
1592 0.863879
1593 0.863646
1594 0.863366
1595 0.863270
1596 0.863223
1597 0.863163
1598 0.862981
1599 0.862703
1600 0.862512
1601 0.862352
1602 0.862313
1603 0.862309
1604 0.862174
1605 0.862082
1606 0.862083
1607 0.862041
1608 0.861836
1609 0.861673
1610 0.861665
1611 0.861659
1612 0.861582
1613 0.861474
1614 0.861381
1615 0.861255
1616 0.861201
1617 0.861246
1618 0.861271
1619 0.861209
1620 0.861007
1621 0.860853
1622 0.860851
1623 0.860711
1624 0.860603
1625 0.860649
1626 0.860671
1627 0.860774
1628 0.860692
1629 0.860553
1630 0.860588
1631 0.860534
1632 0.860447
1633 0.860395
1634 0.860320
1635 0.860264
1636 0.860281
1637 0.860412
1638 0.860473
1639 0.860404
1640 0.860364
1641 0.860384
1642 0.860381
1643 0.860420
1644 0.860477
1645 0.860510
1646 0.860478
1647 0.860401
1648 0.860469
1649 0.860651
1650 0.860718
1651 0.860710
1652 0.860753
1653 0.860794
1654 0.860738
1655 0.860775
1656 0.860934
1657 0.861001
1658 0.861087
1659 0.861151
1660 0.861226
1661 0.861252
1662 0.861240
1663 0.861300
1664 0.861226
1665 0.861060
1666 0.861041
1667 0.861184
1668 0.861170
1669 0.861233
1670 0.861322
1671 0.861181
1672 0.861132
1673 0.861242
1674 0.861208
1675 0.861105
1676 0.861201
1677 0.861399
1678 0.861556
1679 0.861661
1680 0.861533
1681 0.861502
1682 0.861619
1683 0.861810
1684 0.862176
1685 0.862446
1686 0.862533
1687 0.862573
1688 0.862719
1689 0.862863
1690 0.863036
1691 0.863416
1692 0.863733
1693 0.863931
1694 0.864147
1695 0.864338
1696 0.864560
1697 0.864654
1698 0.864762
1699 0.865060
1700 0.865322
1701 0.865766
1702 0.866376
1703 0.866503
1704 0.866524
1705 0.866848
1706 0.867386
1707 0.867791
1708 0.867797
1709 0.867893
1710 0.868154
1711 0.868293
1712 0.868495
1713 0.868838
1714 0.869169
1715 0.869338
1716 0.869351
1717 0.869631
1718 0.869987
1719 0.870263
1720 0.870562
1721 0.870580
1722 0.870472
1723 0.870614
1724 0.870796
1725 0.871149
1726 0.871399
1727 0.871146
1728 0.871271
1729 0.871816
1730 0.871819
1731 0.871880
1732 0.872140
1733 0.872243
1734 0.872429
1735 0.872518
1736 0.872713
1737 0.872849
1738 0.873018
1739 0.873191
1740 0.873334
1741 0.873719
1742 0.873916
1743 0.874035
1744 0.874300
1745 0.874499
1746 0.874578
1747 0.874589
1748 0.874703
1749 0.874820
1750 0.875007
1751 0.875196
1752 0.875214
1753 0.875416
1754 0.875664
1755 0.875825
1756 0.876227
1757 0.876433
1758 0.876348
1759 0.876338
1760 0.876560
1761 0.876924
1762 0.877038
1763 0.877126
1764 0.877275
1765 0.877498
1766 0.877655
1767 0.877569
1768 0.877565
1769 0.877633
1770 0.877945
1771 0.878279
1772 0.878404
1773 0.878428
1774 0.878392
1775 0.878539
1776 0.878827
1777 0.879049
1778 0.879294
1779 0.879411
1780 0.879476
1781 0.879641
1782 0.879728
1783 0.879862
1784 0.880076
1785 0.880320
1786 0.880577
1787 0.880815
1788 0.881154
1789 0.881141
1790 0.881067
1791 0.881415
1792 0.881793
1793 0.882017
1794 0.882095
1795 0.882113
1796 0.882179
1797 0.882319
1798 0.882480
1799 0.882737
1800 0.882899
1801 0.883091
1802 0.883411
1803 0.883502
1804 0.883480
1805 0.883603
1806 0.883822
1807 0.884021
1808 0.884130
1809 0.884216
1810 0.884353
1811 0.884486
1812 0.884657
1813 0.884756
1814 0.884871
1815 0.885232
1816 0.885516
1817 0.885522
1818 0.885510
1819 0.885674
1820 0.885979
1821 0.886167
1822 0.886351
1823 0.886743
1824 0.886989
1825 0.887073
1826 0.887193
1827 0.887296
1828 0.887445
1829 0.887605
1830 0.887715
1831 0.887685
1832 0.887565
1833 0.887525
1834 0.887717
1835 0.887934
1836 0.888098
1837 0.888385
1838 0.888506
1839 0.888345
1840 0.888327
1841 0.888428
1842 0.888456
1843 0.888487
1844 0.888436
1845 0.888448
1846 0.888646
1847 0.888826
1848 0.888758
1849 0.888837
1850 0.889261
1851 0.889569
1852 0.889527
1853 0.889399
1854 0.889460
1855 0.889340
1856 0.889162
1857 0.889345
1858 0.889609
1859 0.889773
1860 0.889985
1861 0.890184
1862 0.890292
1863 0.890371
1864 0.890472
1865 0.890539
1866 0.890599
1867 0.890591
1868 0.890562
1869 0.890747
1870 0.890957
1871 0.891072
1872 0.891335
1873 0.891657
1874 0.891680
1875 0.891599
1876 0.891798
1877 0.891877
1878 0.891851
1879 0.892006
1880 0.892068
1881 0.891868
1882 0.891816
1883 0.892040
1884 0.892249
1885 0.892578
1886 0.892856
1887 0.892776
1888 0.892440
1889 0.892088
1890 0.891870
1891 0.891994
1892 0.892437
1893 0.892574
1894 0.892591
1895 0.892624
1896 0.892492
1897 0.892481
1898 0.892511
1899 0.892502
1900 0.892626
1901 0.892736
1902 0.892653
1903 0.892521
1904 0.892788
1905 0.892867
1906 0.892457
1907 0.892246
1908 0.892213
1909 0.892107
1910 0.892037
1911 0.891945
1912 0.891750
1913 0.891943
1914 0.891964
1915 0.891770
1916 0.891945
1917 0.891837
1918 0.891709
1919 0.891735
1920 0.891658
1921 0.891666
1922 0.891699
1923 0.891503
1924 0.891476
1925 0.892147
1926 0.892421
1927 0.892507
1928 0.892809
1929 0.892642
1930 0.892593
1931 0.893016
1932 0.892843
1933 0.892343
1934 0.891985
1935 0.891433
1936 0.891327
1937 0.891163
1938 0.890656
1939 0.890364
1940 0.890145
1941 0.890024
1942 0.890164
1943 0.889976
1944 0.889747
1945 0.889511
1946 0.889000
1947 0.888961
1948 0.888926
1949 0.888906
1950 0.888881
1951 0.888420
1952 0.888312
1953 0.888365
1954 0.888243
1955 0.888218
1956 0.887960
1957 0.887804
1958 0.888213
1959 0.887926
1960 0.887608
1961 0.888014
1962 0.888310
1963 0.888206
1964 0.887811
1965 0.887975
1966 0.887844
1967 0.887402
1968 0.887608
1969 0.887447
1970 0.886785
1971 0.886974
1972 0.887281
1973 0.886826
1974 0.886825
1975 0.886821
1976 0.886266
1977 0.885829
1978 0.885686
1979 0.885597
1980 0.885279
