507 1.525695
508 1.525546
509 1.525354
510 1.525121
511 1.524849
512 1.524539
513 1.524195
514 1.523816
515 1.523406
516 1.522966
517 1.522497
518 1.522002
519 1.521481
520 1.520938
521 1.520373
522 1.519789
523 1.519186
524 1.518568
525 1.517935
526 1.517289
527 1.516632
528 1.515966
529 1.515286
530 1.514589
531 1.513874
532 1.513145
533 1.512402
534 1.511647
535 1.510880
536 1.510105
537 1.509322
538 1.508533
539 1.507738
540 1.506941
541 1.506048
542 1.504977
543 1.503742
544 1.502357
545 1.500838
546 1.499197
547 1.497450
548 1.495611
549 1.493694
550 1.491714
551 1.489687
552 1.487626
553 1.485547
554 1.483465
555 1.481397
556 1.479358
557 1.477365
558 1.475433
559 1.473580
560 1.471822
561 1.470178
562 1.468663
563 1.467295
564 1.465645
565 1.463581
566 1.461957
567 1.461559
568 1.462334
569 1.463908
570 1.466163
571 1.468980
572 1.472243
573 1.475835
574 1.479646
575 1.483568
576 1.487496
577 1.491332
578 1.494980
579 1.498346
580 1.501340
581 1.503875
582 1.505861
583 1.507212
584 1.508092
585 1.508734
586 1.509150
587 1.509354
588 1.509358
589 1.509175
590 1.508817
591 1.508295
592 1.507622
593 1.506809
594 1.505867
595 1.504807
596 1.503642
597 1.502382
598 1.501039
599 1.499624
600 1.498148
601 1.496623
602 1.495060
603 1.493471
604 1.491868
605 1.490261
606 1.488663
607 1.487086
608 1.485542
609 1.484044
610 1.482602
611 1.481231
612 1.479943
613 1.478749
614 1.477664
615 1.476699
616 1.475612
617 1.474202
618 1.472549
619 1.470732
620 1.468831
621 1.466928
622 1.465107
623 1.463455
624 1.462060
625 1.460971
626 1.460162
627 1.459606
628 1.459279
629 1.459153
630 1.459201
631 1.459394
632 1.459890
633 1.460909
634 1.462350
635 1.464060
636 1.466020
637 1.468149
638 1.470387
639 1.472742
640 1.475021
641 1.477039
642 1.478807
643 1.480340
644 1.481649
645 1.482745
646 1.483639
647 1.484343
648 1.484866
649 1.485220
650 1.485413
651 1.485456
652 1.485358
653 1.485129
654 1.484777
655 1.484312
656 1.483743
657 1.483078
658 1.482326
659 1.481496
660 1.480597
661 1.479637
662 1.478624
663 1.477566
664 1.476473
665 1.475352
666 1.474213
667 1.473062
668 1.471910
669 1.470763
670 1.469631
671 1.468522
672 1.467444
673 1.466407
674 1.465419
675 1.464488
676 1.463624
677 1.462835
678 1.462129
679 1.461517
680 1.461103
681 1.461039
682 1.461365
683 1.462050
684 1.463065
685 1.464309
686 1.465639
687 1.466971
688 1.468221
689 1.469307
690 1.470147
691 1.470852
692 1.471581
693 1.472320
694 1.473057
695 1.473779
696 1.474473
697 1.475126
698 1.475727
699 1.476261
700 1.476717
701 1.477083
702 1.477345
703 1.477491
704 1.477508
705 1.477384
706 1.477105
707 1.476589
708 1.475768
709 1.474656
710 1.473265
711 1.471608
712 1.469695
713 1.467538
714 1.465148
715 1.462537
716 1.460013
717 1.457872
718 1.456099
719 1.454675
720 1.453582
721 1.452798
722 1.452302
723 1.452071
724 1.452081
725 1.452306
726 1.452723
727 1.453306
728 1.454030
729 1.454871
730 1.455804
731 1.456804
732 1.457849
733 1.458915
734 1.459980
735 1.461021
736 1.462018
737 1.462949
738 1.463794
739 1.464531
740 1.465142
741 1.465605
742 1.465901
743 1.466010
744 1.465911
745 1.465584
746 1.465006
747 1.464155
748 1.462719
749 1.460846
750 1.459143
751 1.458237
752 1.458508
753 1.459524
754 1.460634
755 1.461227
756 1.460862
757 1.459899
758 1.459090
759 1.458571
760 1.458403
761 1.458560
762 1.459008
763 1.459658
764 1.460448
765 1.461315
766 1.462334
767 1.463514
768 1.464635
769 1.465506
770 1.466005
771 1.466006
772 1.465651
773 1.465184
774 1.464634
775 1.464028
776 1.463395
777 1.462761
778 1.462152
779 1.461584
780 1.461076
781 1.460646
782 1.460314
783 1.461588
784 1.464568
785 1.467210
786 1.467565
787 1.466115
788 1.464676
789 1.463303
790 1.462050
791 1.460971
792 1.460124
793 1.459852
794 1.460262
795 1.461056
796 1.461921
797 1.462549
798 1.462645
799 1.462232
800 1.461663
801 1.461205
802 1.461051
803 1.461097
804 1.461128
805 1.461144
806 1.461205
807 1.461331
808 1.461544
809 1.461863
810 1.462308
811 1.462899
812 1.463655
813 1.464871
814 1.466650
815 1.468721
816 1.470821
817 1.472697
818 1.474099
819 1.474785
820 1.474924
821 1.474858
822 1.474601
823 1.473964
824 1.472855
825 1.471435
826 1.469865
827 1.468308
828 1.466929
829 1.465876
830 1.465272
831 1.464976
832 1.464746
833 1.464558
834 1.464385
835 1.464205
836 1.463990
837 1.463721
838 1.463304
839 1.462601
840 1.461627
841 1.460700
842 1.460273
843 1.461425
844 1.464233
845 1.467465
846 1.469860
847 1.471290
848 1.472474
849 1.474031
850 1.476251
851 1.478714
852 1.481008
853 1.482739
854 1.481640
855 1.477187
856 1.471606
857 1.467243
858 1.466344
859 1.469508
860 1.474309
861 1.478733
862 1.481041
863 1.481569
864 1.481932
865 1.482139
866 1.482197
867 1.482115
868 1.481900
869 1.481559
870 1.481101
871 1.480531
872 1.479859
873 1.479090
874 1.478232
875 1.477293
876 1.476279
877 1.475199
878 1.474058
879 1.472866
880 1.471629
881 1.470355
882 1.469052
883 1.467729
884 1.466392
885 1.465051
886 1.463714
887 1.462390
888 1.461087
889 1.459814
890 1.458581
891 1.457397
892 1.456271
893 1.455213
894 1.454233
895 1.453340
896 1.452544
897 1.451855
898 1.451284
899 1.450839
900 1.450530
901 1.450368
902 1.450361
903 1.450518
904 1.450849
905 1.451362
906 1.451985
907 1.452646
908 1.453356
909 1.454043
910 1.454629
911 1.455174
912 1.455735
913 1.456313
914 1.456904
915 1.457507
916 1.458121
917 1.458745
918 1.459377
919 1.460015
920 1.460658
921 1.461305
922 1.461953
923 1.462603
924 1.463251
925 1.463898
926 1.464541
927 1.465179
928 1.465811
929 1.466435
930 1.467050
931 1.467655
932 1.468249
933 1.468830
934 1.469397
935 1.469949
936 1.470484
937 1.471001
938 1.471499
939 1.471977
940 1.472434
941 1.472868
942 1.473279
943 1.473664
944 1.474023
945 1.474355
946 1.474658
947 1.474932
948 1.475175
949 1.475385
950 1.475563
951 1.475706
952 1.475814
953 1.475884
954 1.475917
955 1.475911
956 1.475865
957 1.475777
958 1.475646
959 1.475471
960 1.475251
961 1.474985
962 1.474670
963 1.474307
964 1.473892
965 1.473427
966 1.472907
967 1.472333
968 1.471703
969 1.471016
970 1.470269
971 1.469461
972 1.468591
973 1.467656
974 1.466656
975 1.465588
976 1.464450
977 1.463241
978 1.461959
979 1.460600
980 1.459164
981 1.457647
982 1.456018
983 1.454210
