508 1.514362
511 1.515686
514 1.516732
517 1.517524
520 1.518084
523 1.518435
526 1.518599
529 1.518595
532 1.518443
535 1.518164
538 1.517775
541 1.517295
544 1.516742
547 1.516135
550 1.515490
553 1.514828
556 1.514163
559 1.513516
562 1.512903
565 1.512341
568 1.511849
571 1.511444
574 1.511139
577 1.510933
580 1.510822
583 1.510799
586 1.510859
589 1.510998
592 1.511210
595 1.511492
598 1.511839
601 1.512248
604 1.512713
607 1.513232
610 1.513798
613 1.514409
616 1.515061
619 1.515749
622 1.516470
625 1.517218
628 1.517989
631 1.518779
634 1.519583
637 1.520397
640 1.521216
643 1.522036
646 1.522853
649 1.523663
652 1.524461
655 1.525243
658 1.526006
661 1.526745
664 1.527457
667 1.528137
670 1.528782
673 1.529387
676 1.529950
679 1.530466
682 1.530931
685 1.531342
688 1.531694
691 1.531985
694 1.532211
697 1.532368
700 1.532451
703 1.532458
706 1.532385
709 1.532227
712 1.531981
715 1.531644
718 1.531211
721 1.530678
724 1.530042
727 1.529298
730 1.528442
733 1.527470
736 1.526377
739 1.525160
742 1.523813
745 1.522332
748 1.520711
751 1.518947
