130
403 0.523679
406 0.517559
409 0.514991
412 0.518605
415 0.530775
418 0.551703
421 0.577844
424 0.602769
427 0.623414
430 0.640793
433 0.655103
436 0.665488
439 0.672040
442 0.676613
445 0.681122
448 0.686834
451 0.693642
454 0.699344
457 0.702633
460 0.704450
463 0.705783
466 0.707488
469 0.710846
472 0.715589
475 0.720635
478 0.724773
481 0.727702
484 0.728878
487 0.728710
490 0.728720
493 0.729787
496 0.732154
499 0.735516
502 0.739530
505 0.743160
508 0.745588
511 0.746685
514 0.746534
517 0.745751
520 0.745338
523 0.745639
526 0.746648
529 0.748664
532 0.751850
535 0.755561
538 0.759057
541 0.761500
544 0.762926
547 0.763647
550 0.763212
553 0.761953
556 0.760687
559 0.759789
562 0.759745
565 0.760124
568 0.761469
571 0.763875
574 0.766505
577 0.769174
580 0.771849
583 0.774103
586 0.775164
589 0.775538
592 0.775150
595 0.774270
598 0.773169
601 0.771642
604 0.770615
607 0.770462
610 0.770767
613 0.771925
616 0.773705
619 0.775668
622 0.777949
625 0.780497
628 0.783117
631 0.784758
634 0.785864
637 0.787135
640 0.787515
643 0.786871
646 0.785630
649 0.784178
652 0.783028
655 0.782114
658 0.781556
661 0.781134
664 0.781018
667 0.781544
670 0.782473
673 0.783932
676 0.785536
679 0.787773
682 0.789959
685 0.791942
688 0.794066
691 0.796682
694 0.798672
697 0.799383
700 0.800017
703 0.800158
706 0.799644
709 0.798983
712 0.798098
715 0.796836
718 0.795424
721 0.793992
724 0.792958
727 0.791903
730 0.791229
733 0.790976
736 0.790764
739 0.791332
742 0.792916
745 0.793930
748 0.794880
751 0.796879
754 0.798892
757 0.800809
760 0.802887
763 0.805099
766 0.807202
769 0.808729
772 0.809922
775 0.810949
778 0.811725
781 0.812074
784 0.812314
787 0.811944
