469 1.507626
472 1.508660
475 1.509147
478 1.509054
481 1.508345
484 1.507434
487 1.506792
490 1.506467
493 1.506505
496 1.506666
499 1.506700
502 1.506633
505 1.506495
508 1.506310
511 1.506370
514 1.506914
517 1.507895
520 1.509264
523 1.510974
526 1.512721
529 1.514207
532 1.515399
535 1.516262
538 1.516762
541 1.516865
544 1.516535
547 1.516012
550 1.515576
553 1.515242
556 1.515027
559 1.514948
562 1.515021
565 1.515263
568 1.515553
571 1.515764
574 1.515899
577 1.515960
580 1.515952
583 1.515876
586 1.515736
589 1.515598
592 1.515527
595 1.515523
598 1.515584
601 1.515713
604 1.515907
607 1.516166
610 1.516492
613 1.516842
616 1.517178
619 1.517497
622 1.517798
625 1.518080
628 1.518342
631 1.518583
634 1.518802
637 1.518996
640 1.519191
643 1.519411
646 1.519658
649 1.519933
652 1.520237
655 1.520571
658 1.520938
661 1.521338
664 1.521772
667 1.522242
670 1.522740
673 1.523255
676 1.523786
679 1.524331
682 1.524891
685 1.525463
688 1.526045
691 1.526638
694 1.527239
697 1.527848
