130
403 0.522394
406 0.516546
409 0.514274
412 0.518152
415 0.530742
418 0.551454
421 0.576339
424 0.600217
427 0.620702
430 0.638217
433 0.651755
436 0.660978
439 0.666909
442 0.671107
445 0.674911
448 0.679806
451 0.686147
454 0.691866
457 0.695629
460 0.697847
463 0.699280
466 0.700497
469 0.702775
472 0.706370
475 0.710695
478 0.714716
481 0.717898
484 0.719753
487 0.720430
490 0.720113
493 0.719814
496 0.720458
499 0.722181
502 0.724998
505 0.728534
508 0.732385
511 0.735888
514 0.738227
517 0.739348
520 0.739726
523 0.739274
526 0.738438
529 0.737804
532 0.738188
535 0.739577
538 0.741827
541 0.744520
544 0.747102
547 0.749798
550 0.752271
553 0.753866
556 0.754466
559 0.754587
562 0.754026
565 0.752679
568 0.751759
571 0.751211
574 0.750982
577 0.751560
580 0.753167
583 0.755245
586 0.757265
589 0.759414
592 0.761784
595 0.764205
598 0.765725
601 0.766573
604 0.767049
607 0.766706
610 0.765805
613 0.765218
616 0.764652
619 0.763760
622 0.763189
625 0.763106
628 0.763828
631 0.764626
634 0.765741
637 0.767616
640 0.769549
643 0.771518
646 0.773271
649 0.774956
652 0.776667
655 0.778332
658 0.779855
661 0.780273
664 0.780340
667 0.780401
670 0.779827
673 0.778803
676 0.777505
679 0.776859
682 0.776259
685 0.775358
688 0.774687
691 0.775154
694 0.775793
697 0.776039
700 0.776937
703 0.778061
706 0.779449
709 0.781306
712 0.783278
715 0.785139
718 0.786903
721 0.788510
724 0.790113
727 0.791445
730 0.792591
733 0.793232
736 0.793498
739 0.793950
742 0.793909
745 0.793234
748 0.792643
751 0.791915
754 0.790709
757 0.789988
760 0.789348
763 0.788440
766 0.787839
769 0.787186
772 0.786551
775 0.786177
778 0.786606
781 0.786980
784 0.787683
787 0.788377
