535 1.511144
538 1.512171
541 1.513024
544 1.513694
547 1.514171
550 1.514443
553 1.514502
556 1.514336
559 1.514078
562 1.513860
565 1.513676
568 1.513517
571 1.513377
574 1.513247
577 1.513120
580 1.512985
583 1.512832
586 1.512655
589 1.512449
592 1.512208
595 1.511927
598 1.511600
601 1.511221
604 1.510845
607 1.510528
610 1.510268
613 1.510065
616 1.509916
619 1.509823
622 1.509782
625 1.509793
628 1.509855
631 1.509954
634 1.510074
637 1.510214
640 1.510371
643 1.510542
646 1.510726
649 1.510920
652 1.511121
655 1.511327
658 1.511537
661 1.511747
664 1.511955
667 1.512175
670 1.512421
673 1.512691
676 1.512985
679 1.513302
682 1.513641
685 1.514001
688 1.514381
691 1.514780
694 1.515189
697 1.515597
700 1.516004
703 1.516410
706 1.516815
709 1.517219
712 1.517621
715 1.518022
718 1.518421
721 1.518818
724 1.519213
727 1.519606
730 1.519996
733 1.520384
