311
510 0.001555
514 0.003835
518 0.009740
521 0.019250
525 0.031925
528 0.046865
530 0.061415
533 0.076050
535 0.090035
537 0.100640
539 0.110640
540 0.123510
543 0.140585
544 0.160095
545 0.180740
546 0.203215
548 0.226020
549 0.246720
550 0.266485
552 0.287600
556 0.299145
559 0.292890
562 0.277380
565 0.271480
567 0.281130
569 0.296685
570 0.313460
571 0.332055
572 0.351915
573 0.374165
574 0.399735
575 0.423320
575 0.441915
576 0.459805
576 0.480540
577 0.498225
577 0.513470
578 0.531150
579 0.550360
579 0.570180
580 0.588775
582 0.604475
584 0.600815
585 0.582370
586 0.565910
586 0.548225
587 0.531150
587 0.515600
588 0.500050
589 0.479775
590 0.455995
591 0.430030
592 0.406550
593 0.388155
596 0.369355
599 0.362410
600 0.372065
602 0.388870
603 0.407470
604 0.425150
605 0.445680
606 0.466405
606 0.484115
607 0.504825
608 0.529300
608 0.550270
609 0.565810
609 0.582880
610 0.601375
610 0.619625
610 0.638120
610 0.654020
611 0.669265
612 0.684915
612 0.702905
613 0.722010
613 0.739595
614 0.760125
615 0.780615
617 0.794235
618 0.788175
619 0.765205
620 0.744165
620 0.727195
621 0.709210
622 0.688780
622 0.665605
623 0.639795
624 0.616830
624 0.595690
625 0.575565
625 0.557880
626 0.539455
626 0.522325
627 0.507620
627 0.492735
628 0.475660
629 0.458280
630 0.441815
631 0.426575
634 0.411535
637 0.402630
639 0.409540
640 0.424235
642 0.440495
643 0.458790
644 0.478915
645 0.499505
646 0.520645
646 0.541670
647 0.561995
647 0.583185
648 0.600665
648 0.617435
649 0.638370
650 0.660730
650 0.682785
651 0.702350
651 0.718610
652 0.734210
652 0.749135
653 0.763970
653 0.783090
654 0.802810
655 0.819580
655 0.837460
656 0.855855
657 0.871335
660 0.874495
661 0.864505
661 0.850265
662 0.834820
662 0.817445
663 0.797930
664 0.775365
665 0.754935
665 0.740105
666 0.724355
666 0.706260
667 0.687255
667 0.665710
668 0.642845
668 0.622720
669 0.604120
670 0.583345
671 0.563215
671 0.544860
672 0.527085
673 0.510320
674 0.491820
676 0.472305
677 0.454015
679 0.439760
682 0.430610
685 0.429855
687 0.439005
688 0.453710
689 0.468955
691 0.483590
691 0.498225
693 0.514080
693 0.532370
694 0.550360
696 0.569270
696 0.588780
697 0.606050
698 0.623735
698 0.640200
699 0.657580
699 0.677195
700 0.697315
701 0.719570
701 0.744470
702 0.770895
703 0.796100
704 0.820695
705 0.841630
706 0.858705
707 0.877610
710 0.896210
712 0.897735
713 0.881370
714 0.862465
715 0.845595
716 0.828215
717 0.808500
717 0.788990
718 0.771710
719 0.754025
719 0.733295
720 0.713170
721 0.694060
722 0.675160
722 0.658390
723 0.641640
724 0.624575
725 0.606305
726 0.587600
726 0.570585
727 0.553205
729 0.535315
730 0.517325
731 0.500355
733 0.484200
735 0.468955
738 0.456355
743 0.452190
746 0.459605
748 0.473630
749 0.490705
751 0.506760
752 0.522105
753 0.539485
755 0.557980
756 0.577495
757 0.596645
758 0.613505
759 0.631150
760 0.651485
760 0.670790
761 0.687255
762 0.704125
763 0.723330
764 0.743965
764 0.764090
766 0.785430
766 0.805555
768 0.826900
769 0.851745
770 0.872380
772 0.890825
773 0.906600
777 0.912850
778 0.906010
779 0.891835
780 0.875525
781 0.856620
782 0.838480
783 0.820595
784 0.802605
785 0.785125
786 0.767135
787 0.749245
788 0.731460
789 0.714590
789 0.697315
791 0.679690
792 0.661680
793 0.642110
794 0.623735
795 0.606965
796 0.590605
797 0.573835
798 0.557675
800 0.542430
802 0.525355
805 0.507215
808 0.489775
810 0.477495
813 0.472070
817 0.472815
821 0.480135
823 0.492130
825 0.506455
827 0.520175
828 0.535420
830 0.552800
831 0.568350
833 0.583590
834 0.598835
835 0.614285
836 0.630360
837 0.647945
839 0.667235
840 0.686645
841 0.705650
842 0.723330
843 0.740000
844 0.755245
845 0.772015
846 0.791530
848 0.811345
849 0.831470
850 0.851595
852 0.868970
853 0.884215
855 0.900580
858 0.915010
862 0.918030
864 0.906650
866 0.891840
867 0.879030
868 0.864090
870 0.848240
871 0.832385
872 0.815310
873 0.797120
874 0.781265
875 0.766225
877 0.748845
878 0.731465
879 0.715305
880 0.697010
882 0.674895
883 0.654875
884 0.640160
886 0.625320
888 0.607070
890 0.588980
892 0.571905
