1773
205 3.400111
206 3.284785
207 3.180121
208 3.085425
209 3.000330
210 2.923900
211 2.856610
212 2.796671
213 2.742488
214 2.692811
215 2.648475
216 2.609104
217 2.572273
218 2.537031
219 2.502781
220 2.469882
221 2.436412
222 2.402304
223 2.366535
224 2.330805
225 2.294032
226 2.255427
227 2.216880
228 2.178309
229 2.139172
230 2.098489
231 2.057139
232 2.014750
233 1.972849
234 1.931415
235 1.890275
236 1.851098
237 1.812589
238 1.773971
239 1.737087
240 1.702930
241 1.671323
242 1.642437
243 1.616369
244 1.591879
245 1.569442
246 1.547103
247 1.525182
248 1.504844
249 1.484723
250 1.464988
251 1.446141
252 1.427118
253 1.407881
254 1.388883
255 1.370313
256 1.352545
257 1.336100
258 1.320634
259 1.306031
260 1.292036
261 1.278632
262 1.266016
263 1.254572
264 1.244271
265 1.234546
266 1.226146
267 1.218843
268 1.212648
269 1.207167
270 1.202599
271 1.198325
272 1.195431
273 1.192570
274 1.189874
275 1.187226
276 1.184403
277 1.180956
278 1.176738
279 1.172353
280 1.167415
281 1.161900
282 1.155335
283 1.148242
284 1.140273
285 1.131983
286 1.122758
287 1.113190
288 1.103552
289 1.093668
290 1.083566
291 1.074086
292 1.064539
293 1.055719
294 1.047065
295 1.038764
296 1.031253
297 1.024270
298 1.017934
299 1.012151
300 1.006489
301 1.000650
302 0.995198
303 0.989145
304 0.983313
305 0.977255
306 0.971873
307 0.966823
308 0.961921
309 0.957136
310 0.953003
311 0.949679
312 0.946894
313 0.944991
314 0.943509
315 0.942763
316 0.941485
317 0.940517
318 0.940071
319 0.939598
320 0.939031
321 0.938432
322 0.937759
323 0.937254
324 0.937450
325 0.938114
326 0.940201
327 0.940466
328 0.940824
329 0.941285
330 0.942571
331 0.943593
332 0.945805
333 0.947695
334 0.950143
335 0.951774
336 0.952296
337 0.954094
338 0.955835
339 0.956893
340 0.957579
341 0.958524
342 0.957443
343 0.956286
344 0.953520
345 0.949742
346 0.945549
347 0.940569
348 0.934944
349 0.929141
350 0.922166
351 0.914409
352 0.906808
353 0.899154
354 0.891537
355 0.884825
356 0.877758
357 0.870775
358 0.863386
359 0.856124
360 0.848555
361 0.840150
362 0.831609
363 0.822872
364 0.813238
365 0.802566
366 0.791425
367 0.780478
368 0.769261
369 0.758194
370 0.747533
371 0.737398
372 0.727031
373 0.716566
374 0.707201
375 0.699368
376 0.692524
377 0.686143
378 0.680473
379 0.674991
380 0.670043
381 0.665889
382 0.662620
383 0.659535
384 0.656625
385 0.653453
386 0.650268
387 0.647141
388 0.644007
389 0.640926
390 0.637921
391 0.634746
392 0.631532
393 0.628364
394 0.625016
395 0.621571
396 0.618118
397 0.614605
398 0.611059
399 0.607596
400 0.604226
401 0.601007
402 0.597966
403 0.595181
404 0.592727
405 0.590596
406 0.588956
407 0.587981
408 0.587624
409 0.587993
410 0.589138
411 0.591205
412 0.594343
413 0.598429
414 0.603458
415 0.609434
416 0.616271
417 0.623906
418 0.632246
419 0.641026
420 0.650052
421 0.659133
422 0.667963
423 0.676494
424 0.684681
425 0.692352
426 0.699403
427 0.705808
428 0.711584
429 0.716894
430 0.721829
431 0.726348
432 0.730558
433 0.734577
434 0.738486
435 0.742232
436 0.745824
437 0.749276
438 0.752611
439 0.755647
440 0.758326
441 0.760724
442 0.762845
443 0.764607
444 0.765987
445 0.767110
446 0.768023
447 0.768810
448 0.769427
449 0.770000
450 0.770743
451 0.771634
452 0.772616
453 0.773832
454 0.775223
455 0.776797
456 0.778503
457 0.780256
458 0.782025
459 0.783827
460 0.785516
461 0.787102
462 0.788524
463 0.789725
464 0.790745
465 0.791536
466 0.792168
467 0.792629
468 0.793025
469 0.793340
470 0.793589
471 0.793803
472 0.794055
473 0.794363
474 0.794703
475 0.795240
476 0.795984
477 0.796902
478 0.797984
479 0.799134
480 0.800258
481 0.801386
482 0.802658
483 0.804003
484 0.805324
485 0.806520
486 0.807552
487 0.808416
488 0.809023
489 0.809555
490 0.810007
491 0.810360
492 0.810505
493 0.810395
494 0.810147
495 0.809770
496 0.809263
497 0.808659
498 0.808125
499 0.807518
500 0.806955
501 0.806403
502 0.805904
503 0.805634
504 0.805520
505 0.805533
506 0.805710
507 0.806087
508 0.806596
509 0.807305
510 0.808164
511 0.809222
512 0.810356
513 0.811515
514 0.812744
515 0.814054
516 0.815380
517 0.816691
518 0.817987
519 0.819188
520 0.820262
521 0.821231
522 0.822094
523 0.822842
524 0.823466
525 0.823929
526 0.824185
527 0.824306
528 0.824263
529 0.824119
530 0.823863
531 0.823508
532 0.823169
533 0.822786
534 0.822378
535 0.821910
536 0.821545
537 0.821222
538 0.820944
539 0.820695
540 0.820601
541 0.820570
542 0.820653
543 0.820761
544 0.820946
545 0.821344
546 0.821841
547 0.822436
548 0.823111
549 0.823940
550 0.824781
551 0.825712
552 0.826594
553 0.827646
554 0.828735
555 0.829745
556 0.830752
557 0.831759
558 0.832685
559 0.833478
560 0.834162
561 0.834679
562 0.835218
563 0.835665
564 0.835934
565 0.836131
566 0.836256
567 0.836269
568 0.836144
569 0.836027
570 0.835879
571 0.835746
572 0.835480
573 0.835075
574 0.834817
575 0.834485
576 0.834090
577 0.833732
578 0.833411
579 0.833085
580 0.832866
581 0.832649
582 0.832516
583 0.832548
584 0.832460
585 0.832517
586 0.832699
587 0.832808
588 0.833208
589 0.833656
590 0.834181
591 0.834850
592 0.835491
593 0.836102
594 0.836926
595 0.837822
596 0.838725
597 0.839715
598 0.840640
599 0.841585
600 0.842541
601 0.843449
602 0.844406
603 0.845414
604 0.846279
605 0.847114
606 0.847950
607 0.848754
608 0.849443
609 0.850146
610 0.850742
611 0.851253
612 0.851715
613 0.852045
614 0.852351
615 0.852504
616 0.852600
617 0.852683
618 0.852634
619 0.852398
620 0.852130
621 0.851932
622 0.851695
623 0.851408
624 0.851031
625 0.850762
626 0.850382
627 0.850034
628 0.849858
629 0.849721
630 0.849547
631 0.849275
632 0.849035
633 0.848954
634 0.848838
635 0.848682
636 0.848670
637 0.848707
638 0.848674
639 0.848725
640 0.848918
641 0.849197
642 0.849585
643 0.849931
644 0.850468
645 0.851038
646 0.851585
647 0.852202
648 0.852853
649 0.853635
650 0.854417
651 0.855199
652 0.855943
653 0.856749
654 0.857606
655 0.858522
656 0.859365
657 0.860197
658 0.861105
659 0.861983
660 0.862903
661 0.863848
662 0.864765
663 0.865600
664 0.866346
665 0.867071
666 0.867747
667 0.868338
668 0.868906
669 0.869342
670 0.869642
671 0.869881
672 0.870073
673 0.870286
674 0.870543
675 0.870703
676 0.870842
677 0.870873
678 0.870915
679 0.870962
680 0.870998
681 0.870943
682 0.870809
683 0.870547
684 0.870230
685 0.869822
686 0.869455
687 0.869220
688 0.868901
689 0.868509
690 0.868103
691 0.867748
692 0.867398
693 0.867137
694 0.866834
695 0.866608
696 0.866457
697 0.866205
698 0.865883
699 0.865602
700 0.865346
701 0.865072
702 0.864924
703 0.864870
704 0.864966
705 0.865042
706 0.865074
707 0.865259
708 0.865537
709 0.865815
710 0.866165
711 0.866565
712 0.866878
713 0.867126
714 0.867348
715 0.867770
716 0.868341
717 0.868801
718 0.869280
719 0.869902
720 0.870601
721 0.871330
722 0.872063
723 0.872819
724 0.873528
725 0.874196
726 0.874894
727 0.875646
728 0.876412
729 0.877084
730 0.877764
731 0.878509
732 0.879351
733 0.880162
734 0.880945
735 0.881637
736 0.882355
737 0.883058
738 0.883699
739 0.884304
740 0.884839
741 0.885309
742 0.885932
743 0.886436
744 0.886752
745 0.887152
746 0.887450
747 0.887665
748 0.887827
749 0.888002
750 0.888189
751 0.888384
752 0.888385
753 0.888374
754 0.888418
755 0.888419
756 0.888361
757 0.888322
758 0.888264
759 0.888130
760 0.887820
761 0.887447
762 0.887103
763 0.886995
764 0.886745
765 0.886325
766 0.885808
767 0.885287
768 0.884982
769 0.884544
770 0.884167
771 0.883793
772 0.883365
773 0.882663
774 0.882353
775 0.882070
776 0.881771
777 0.881401
778 0.880970
779 0.880866
780 0.880571
781 0.880015
782 0.879548
783 0.879234
784 0.878808
785 0.878447
786 0.878245
787 0.878172
788 0.878052
789 0.877699
790 0.877576
791 0.877702
792 0.877917
793 0.878209
794 0.878462
795 0.878567
796 0.878639
797 0.878839
798 0.879009
799 0.879214
800 0.879267
801 0.879505
802 0.879581
803 0.879664
804 0.879813
805 0.880293
806 0.880608
807 0.880833
808 0.881117
809 0.881395
810 0.881839
811 0.882343
812 0.883033
813 0.883509
814 0.884166
815 0.884651
816 0.885084
817 0.885376
818 0.885497
819 0.886286
820 0.887094
821 0.887659
822 0.888154
823 0.888800
824 0.889320
825 0.889527
826 0.890150
827 0.891009
828 0.892001
829 0.892484
830 0.893141
831 0.893712
832 0.894379
833 0.894676
834 0.895055
835 0.896011
836 0.896651
837 0.897078
838 0.897424
839 0.897852
840 0.898215
841 0.898264
842 0.898154
843 0.898567
844 0.899213
845 0.899173
846 0.899053
847 0.899389
848 0.900247
849 0.900495
850 0.900368
851 0.900403
852 0.900386
853 0.900617
854 0.900024
855 0.900056
856 0.899547
857 0.899550
858 0.899131
859 0.899057
860 0.899229
861 0.899610
862 0.899892
863 0.899624
864 0.899805
865 0.899727
866 0.900392
867 0.900028
868 0.899658
869 0.899294
870 0.898836
871 0.898421
872 0.898085
873 0.897806
874 0.897501
875 0.897124
876 0.896715
877 0.896385
878 0.895894
879 0.895561
880 0.895219
881 0.894840
882 0.894459
883 0.894003
884 0.893550
885 0.893176
886 0.892862
887 0.892468
888 0.892212
889 0.891810
890 0.891551
891 0.891277
892 0.890999
893 0.890817
894 0.890586
895 0.890348
896 0.890075
897 0.889845
898 0.889608
899 0.889407
900 0.889139
901 0.888931
902 0.888750
903 0.888586
904 0.888474
905 0.888385
906 0.888248
907 0.888189
908 0.888188
909 0.888195
910 0.888251
911 0.888296
912 0.888355
913 0.888410
914 0.888473
915 0.888591
916 0.888778
917 0.888951
918 0.889085
919 0.889284
920 0.889449
921 0.889677
922 0.889900
923 0.890137
924 0.890385
925 0.890670
926 0.890944
927 0.891233
928 0.891575
929 0.891917
930 0.892269
931 0.892604
932 0.892958
933 0.893346
934 0.893747
935 0.894129
936 0.894527
937 0.894909
938 0.895258
939 0.895615
940 0.895999
941 0.896404
942 0.896792
943 0.897177
944 0.897530
945 0.897898
946 0.898249
947 0.898637
948 0.899044
949 0.899435
950 0.899800
951 0.900149
952 0.900503
953 0.900875
954 0.901242
955 0.901586
956 0.901941
957 0.902293
958 0.902616
959 0.902945
960 0.903286
961 0.903618
962 0.903928
963 0.904208
964 0.904483
965 0.904765
966 0.905018
967 0.905239
968 0.905429
969 0.905604
970 0.905762
971 0.905895
972 0.906027
973 0.906146
974 0.906246
975 0.906317
976 0.906392
977 0.906470
978 0.906530
979 0.906557
980 0.906561
981 0.906580
982 0.906588
983 0.906579
984 0.906556
985 0.906509
986 0.906407
987 0.906262
988 0.906065
989 0.905744
990 0.905212
991 0.904576
992 0.903944
993 0.903230
994 0.902472
995 0.901739
996 0.900892
997 0.899945
998 0.899114
999 0.898571
1000 0.898180
1001 0.897652
1002 0.897094
1003 0.896685
1004 0.896184
1005 0.895659
1006 0.895313
1007 0.895061
1008 0.894741
1009 0.894244
1010 0.893754
1011 0.893448
1012 0.893124
1013 0.892699
1014 0.892388
1015 0.892064
1016 0.891665
1017 0.891271
1018 0.890859
1019 0.890443
1020 0.890144
1021 0.889838
1022 0.889488
1023 0.889144
1024 0.888784
1025 0.888426
1026 0.888064
1027 0.887726
1028 0.887414
1029 0.887202
1030 0.886830
1031 0.886426
1032 0.886071
1033 0.885851
1034 0.885619
1035 0.885336
1036 0.885155
1037 0.885009
1038 0.884748
1039 0.884367
1040 0.884173
1041 0.883997
1042 0.883778
1043 0.883460
1044 0.883283
1045 0.883216
1046 0.882954
1047 0.882601
1048 0.882378
1049 0.882320
1050 0.882171
1051 0.881970
1052 0.881791
1053 0.881735
1054 0.881644
1055 0.881523
1056 0.881421
1057 0.881338
1058 0.881232
1059 0.881137
1060 0.881082
1061 0.881140
1062 0.881264
1063 0.881175
1064 0.881010
1065 0.880848
1066 0.880890
1067 0.881022
1068 0.881167
1069 0.881099
1070 0.880957
1071 0.880867
1072 0.880905
1073 0.881081
1074 0.881289
1075 0.881431
1076 0.881469
1077 0.881464
1078 0.881596
1079 0.881864
1080 0.882169
1081 0.882460
1082 0.882520
1083 0.882531
1084 0.882694
1085 0.882994
1086 0.883329
1087 0.883663
1088 0.883826
1089 0.883931
1090 0.884045
1091 0.884257
1092 0.884642
1093 0.885033
1094 0.885295
1095 0.885503
1096 0.885644
1097 0.885821
1098 0.886057
1099 0.886446
1100 0.886860
1101 0.887182
1102 0.887449
1103 0.887754
1104 0.888052
1105 0.888367
1106 0.888737
1107 0.889102
1108 0.889483
1109 0.889768
1110 0.890036
1111 0.890328
1112 0.890631
1113 0.890923
1114 0.891211
1115 0.891490
1116 0.891782
1117 0.892097
1118 0.892402
1119 0.892707
1120 0.893012
1121 0.893304
1122 0.893581
1123 0.893877
1124 0.894052
1125 0.894220
1126 0.894510
1127 0.894791
1128 0.895076
1129 0.895357
1130 0.895634
1131 0.895872
1132 0.896093
1133 0.896284
1134 0.896490
1135 0.896717
1136 0.896919
1137 0.897103
1138 0.897271
1139 0.897399
1140 0.897527
1141 0.897650
1142 0.897800
1143 0.897954
1144 0.898204
1145 0.898430
1146 0.898464
1147 0.898578
1148 0.898632
1149 0.898735
1150 0.898811
1151 0.898906
1152 0.899010
1153 0.899101
1154 0.899168
1155 0.899223
1156 0.899234
1157 0.899134
1158 0.899174
1159 0.899156
1160 0.899155
1161 0.899150
1162 0.899084
1163 0.899019
1164 0.898939
1165 0.898835
1166 0.898842
1167 0.898870
1168 0.898785
1169 0.898702
1170 0.898594
1171 0.898461
1172 0.898347
1173 0.898227
1174 0.898127
1175 0.898026
1176 0.897911
1177 0.897765
1178 0.897612
1179 0.897447
1180 0.897272
1181 0.897069
1182 0.896857
1183 0.896618
1184 0.896375
1185 0.896137
1186 0.895910
1187 0.895651
1188 0.895393
1189 0.895128
1190 0.894864
1191 0.894627
1192 0.894367
1193 0.894097
1194 0.893836
1195 0.893564
1196 0.893244
1197 0.892935
1198 0.892609
1199 0.892280
1200 0.891949
1201 0.891599
1202 0.891260
1203 0.890907
1204 0.890441
1205 0.890034
1206 0.889636
1207 0.889250
1208 0.888902
1209 0.888548
1210 0.888177
1211 0.887807
1212 0.887423
1213 0.887038
1214 0.886752
1215 0.886420
1216 0.886080
1217 0.885745
1218 0.885377
1219 0.885019
1220 0.884671
1221 0.884261
1222 0.883818
1223 0.883478
1224 0.883138
1225 0.882782
1226 0.882451
1227 0.882113
1228 0.881774
1229 0.881429
1230 0.881072
1231 0.880792
1232 0.880550
1233 0.880241
1234 0.879918
1235 0.879603
1236 0.879279
1237 0.878963
1238 0.878669
1239 0.878397
1240 0.878127
1241 0.877817
1242 0.877510
1243 0.877191
1244 0.876906
1245 0.876622
1246 0.876357
1247 0.876097
1248 0.875821
1249 0.875537
1250 0.875267
1251 0.875024
1252 0.874802
1253 0.874595
1254 0.874380
1255 0.874170
1256 0.873943
1257 0.873697
1258 0.873462
1259 0.873249
1260 0.873053
1261 0.872850
1262 0.872652
1263 0.872443
1264 0.872241
1265 0.872059
1266 0.871911
1267 0.871800
1268 0.871706
1269 0.871606
1270 0.871507
1271 0.871428
1272 0.871355
1273 0.871301
1274 0.871238
1275 0.871161
1276 0.871081
1277 0.870996
1278 0.870895
1279 0.870793
1280 0.870701
1281 0.870608
1282 0.870515
1283 0.870427
1284 0.870357
1285 0.870288
1286 0.870228
1287 0.870178
1288 0.870145
1289 0.870127
1290 0.870202
1291 0.870279
1292 0.870310
1293 0.870342
1294 0.870321
1295 0.870324
1296 0.870376
1297 0.870422
1298 0.870478
1299 0.870534
1300 0.870508
1301 0.870514
1302 0.870588
1303 0.870673
1304 0.870831
1305 0.870981
1306 0.871085
1307 0.871192
1308 0.871307
1309 0.871435
1310 0.871587
1311 0.871719
1312 0.871858
1313 0.872016
1314 0.872183
1315 0.872365
1316 0.872546
1317 0.872721
1318 0.872912
1319 0.873104
1320 0.873280
1321 0.873467
1322 0.873650
1323 0.873844
1324 0.874038
1325 0.874208
1326 0.874389
1327 0.874590
1328 0.874804
1329 0.874998
1330 0.875271
1331 0.875488
1332 0.875658
1333 0.875807
1334 0.875938
1335 0.875996
1336 0.876095
1337 0.876325
1338 0.876484
1339 0.876493
1340 0.876510
1341 0.876646
1342 0.876828
1343 0.876994
1344 0.877177
1345 0.877429
1346 0.877634
1347 0.877727
1348 0.877909
1349 0.878249
1350 0.878501
1351 0.878704
1352 0.878930
1353 0.879183
1354 0.879242
1355 0.879432
1356 0.879719
1357 0.880000
1358 0.880256
1359 0.880328
1360 0.880376
1361 0.880412
1362 0.880435
1363 0.880472
1364 0.880873
1365 0.881248
1366 0.881577
1367 0.881878
1368 0.882178
1369 0.882674
1370 0.883212
1371 0.883777
1372 0.884349
1373 0.884721
1374 0.884941
1375 0.885205
1376 0.885444
1377 0.885694
1378 0.885952
1379 0.886190
1380 0.886400
1381 0.886600
1382 0.886788
1383 0.887154
1384 0.887491
1385 0.887691
1386 0.887887
1387 0.888098
1388 0.888293
1389 0.888505
1390 0.888752
1391 0.888974
1392 0.889235
1393 0.889455
1394 0.889714
1395 0.889968
1396 0.890205
1397 0.890405
1398 0.890608
1399 0.890592
1400 0.890575
1401 0.890732
1402 0.890842
1403 0.890991
1404 0.891117
1405 0.891458
1406 0.891650
1407 0.891624
1408 0.891587
1409 0.891917
1410 0.892206
1411 0.892312
1412 0.892463
1413 0.892601
1414 0.892682
1415 0.892409
1416 0.892449
1417 0.892691
1418 0.892956
1419 0.893051
1420 0.893148
1421 0.893234
1422 0.893295
1423 0.893299
1424 0.893329
1425 0.893513
1426 0.893531
1427 0.893544
1428 0.893516
1429 0.893488
1430 0.893462
1431 0.893411
1432 0.893352
1433 0.893332
1434 0.893292
1435 0.893012
1436 0.892730
1437 0.892432
1438 0.892361
1439 0.892263
1440 0.892170
1441 0.892079
1442 0.891963
1443 0.891837
1444 0.891752
1445 0.891841
1446 0.891940
1447 0.892067
1448 0.891950
1449 0.891817
1450 0.891473
1451 0.891354
1452 0.891228
1453 0.891099
1454 0.890940
1455 0.890820
1456 0.890628
1457 0.890267
1458 0.890087
1459 0.889914
1460 0.889952
1461 0.889785
1462 0.889608
1463 0.889239
1464 0.889057
1465 0.888850
1466 0.888670
1467 0.888655
1468 0.888456
1469 0.888264
1470 0.888073
1471 0.887880
1472 0.887691
1473 0.887687
1474 0.887503
1475 0.887328
1476 0.887137
1477 0.886749
1478 0.886340
1479 0.885933
1480 0.885488
1481 0.885087
1482 0.884879
1483 0.884651
1484 0.884396
1485 0.884133
1486 0.883874
1487 0.883786
1488 0.883667
1489 0.883371
1490 0.883133
1491 0.882981
1492 0.882638
1493 0.882326
1494 0.882036
1495 0.881697
1496 0.881249
1497 0.880992
1498 0.880783
1499 0.880765
1500 0.880642
1501 0.880255
1502 0.880049
1503 0.879815
1504 0.879504
1505 0.879065
1506 0.878791
1507 0.878503
1508 0.878225
1509 0.877865
1510 0.877385
1511 0.877087
1512 0.876768
1513 0.876464
1514 0.876144
1515 0.875830
1516 0.875535
1517 0.875248
1518 0.874969
1519 0.874767
1520 0.874673
1521 0.874380
1522 0.873912
1523 0.873445
1524 0.873057
1525 0.872914
1526 0.872852
1527 0.872631
1528 0.872397
1529 0.872143
1530 0.871951
1531 0.871846
1532 0.871618
1533 0.871306
1534 0.870965
1535 0.870559
1536 0.870005
1537 0.869506
1538 0.869137
1539 0.868787
1540 0.868435
1541 0.868138
1542 0.867975
1543 0.867898
1544 0.867837
1545 0.867779
1546 0.867733
1547 0.867621
1548 0.867453
1549 0.867467
1550 0.867617
1551 0.867841
1552 0.868086
1553 0.868340
1554 0.868604
1555 0.868867
1556 0.869139
1557 0.869420
1558 0.869617
1559 0.869639
1560 0.869541
1561 0.869366
1562 0.869151
1563 0.868924
1564 0.868691
1565 0.868460
1566 0.868228
1567 0.868015
1568 0.867817
1569 0.867607
1570 0.867393
1571 0.867178
1572 0.866963
1573 0.866772
1574 0.866587
1575 0.866410
1576 0.866245
1577 0.866075
1578 0.865901
1579 0.865729
1580 0.865556
1581 0.865409
1582 0.865278
1583 0.865140
1584 0.865001
1585 0.864844
1586 0.864678
1587 0.864529
1588 0.864381
1589 0.864221
1590 0.864064
1591 0.863909
1592 0.863758
1593 0.863621
1594 0.863475
1595 0.863338
1596 0.863192
1597 0.863027
1598 0.862879
1599 0.862759
1600 0.862641
1601 0.862522
1602 0.862413
1603 0.862297
1604 0.862184
1605 0.862091
1606 0.862014
1607 0.861953
1608 0.861868
1609 0.861786
1610 0.861709
1611 0.861620
1612 0.861533
1613 0.861461
1614 0.861420
1615 0.861369
1616 0.861288
1617 0.861207
1618 0.861142
1619 0.861055
1620 0.860986
1621 0.860934
1622 0.860880
1623 0.860839
1624 0.860765
1625 0.860708
1626 0.860681
1627 0.860644
1628 0.860600
1629 0.860581
1630 0.860544
1631 0.860504
1632 0.860466
1633 0.860432
1634 0.860422
1635 0.860402
1636 0.860377
1637 0.860372
1638 0.860364
1639 0.860377
1640 0.860395
1641 0.860426
1642 0.860435
1643 0.860424
1644 0.860434
1645 0.860473
1646 0.860505
1647 0.860538
1648 0.860579
1649 0.860613
1650 0.860631
1651 0.860666
1652 0.860722
1653 0.860786
1654 0.860846
1655 0.860886
1656 0.860948
1657 0.860995
1658 0.861045
1659 0.861096
1660 0.861143
1661 0.861153
1662 0.861164
1663 0.861189
1664 0.861181
1665 0.861206
1666 0.861200
1667 0.861191
1668 0.861178
1669 0.861180
1670 0.861174
1671 0.861189
1672 0.861206
1673 0.861232
1674 0.861284
1675 0.861318
1676 0.861326
1677 0.861382
1678 0.861423
1679 0.861495
1680 0.861617
1681 0.861763
1682 0.861883
1683 0.861998
1684 0.862116
1685 0.862239
1686 0.862417
1687 0.862622
1688 0.862839
1689 0.863046
1690 0.863233
1691 0.863424
1692 0.863639
1693 0.863840
1694 0.864048
1695 0.864280
1696 0.864505
1697 0.864750
1698 0.865033
1699 0.865264
1700 0.865509
1701 0.865766
1702 0.866074
1703 0.866393
1704 0.866681
1705 0.866960
1706 0.867247
1707 0.867466
1708 0.867671
1709 0.867933
1710 0.868200
1711 0.868431
1712 0.868593
1713 0.868799
1714 0.869031
1715 0.869273
1716 0.869513
1717 0.869730
1718 0.869908
1719 0.870085
1720 0.870233
1721 0.870447
1722 0.870643
1723 0.870750
1724 0.870900
1725 0.871061
1726 0.871151
1727 0.871321
1728 0.871485
1729 0.871647
1730 0.871811
1731 0.871921
1732 0.872074
1733 0.872261
1734 0.872424
1735 0.872536
1736 0.872727
1737 0.872904
1738 0.873082
1739 0.873262
1740 0.873456
1741 0.873658
1742 0.873829
1743 0.874007
1744 0.874166
1745 0.874333
1746 0.874501
1747 0.874628
1748 0.874760
1749 0.874904
1750 0.875033
1751 0.875169
1752 0.875363
1753 0.875538
1754 0.875692
1755 0.875841
1756 0.876003
1757 0.876187
1758 0.876367
1759 0.876529
1760 0.876690
1761 0.876864
1762 0.876975
1763 0.877091
1764 0.877219
1765 0.877350
1766 0.877496
1767 0.877621
1768 0.877769
1769 0.877881
1770 0.877992
1771 0.878090
1772 0.878227
1773 0.878386
1774 0.878572
1775 0.878741
1776 0.878879
1777 0.879014
1778 0.879144
1779 0.879300
1780 0.879481
1781 0.879657
1782 0.879830
1783 0.880010
1784 0.880202
1785 0.880356
1786 0.880521
1787 0.880711
1788 0.880933
1789 0.881141
1790 0.881337
1791 0.881500
1792 0.881658
1793 0.881801
1794 0.881923
1795 0.882120
1796 0.882289
1797 0.882455
1798 0.882613
1799 0.882752
1800 0.882890
1801 0.883050
1802 0.883218
1803 0.883391
1804 0.883549
1805 0.883686
1806 0.883839
1807 0.883965
1808 0.884089
1809 0.884216
1810 0.884367
1811 0.884542
1812 0.884705
1813 0.884842
1814 0.884981
1815 0.885134
1816 0.885307
1817 0.885470
1818 0.885646
1819 0.885868
1820 0.886069
1821 0.886236
1822 0.886404
1823 0.886591
1824 0.886792
1825 0.886977
1826 0.887139
1827 0.887281
1828 0.887381
1829 0.887437
1830 0.887527
1831 0.887609
1832 0.887708
1833 0.887827
1834 0.887920
1835 0.887975
1836 0.888043
1837 0.888123
1838 0.888221
1839 0.888316
1840 0.888364
1841 0.888419
1842 0.888474
1843 0.888507
1844 0.888525
1845 0.888605
1846 0.888711
1847 0.888834
1848 0.888926
1849 0.889016
1850 0.889130
1851 0.889194
1852 0.889234
1853 0.889298
1854 0.889404
1855 0.889485
1856 0.889549
1857 0.889608
1858 0.889702
1859 0.889803
1860 0.889904
1861 0.890042
1862 0.890191
1863 0.890292
1864 0.890382
1865 0.890486
1866 0.890576
1867 0.890664
1868 0.890785
1869 0.890921
1870 0.891027
1871 0.891133
1872 0.891266
1873 0.891390
1874 0.891524
1875 0.891642
1876 0.891746
1877 0.891802
1878 0.891843
1879 0.891878
1880 0.891956
1881 0.892074
1882 0.892168
1883 0.892254
1884 0.892286
1885 0.892270
1886 0.892246
1887 0.892295
1888 0.892370
1889 0.892402
1890 0.892439
1891 0.892411
1892 0.892366
1893 0.892352
1894 0.892380
1895 0.892435
1896 0.892531
1897 0.892584
1898 0.892575
1899 0.892573
1900 0.892614
1901 0.892622
1902 0.892607
1903 0.892575
1904 0.892547
1905 0.892496
1906 0.892430
1907 0.892337
1908 0.892249
1909 0.892222
1910 0.892084
1911 0.892002
1912 0.891982
1913 0.891920
1914 0.891881
1915 0.891846
1916 0.891805
1917 0.891790
1918 0.891795
1919 0.891702
1920 0.891697
1921 0.891778
1922 0.891793
1923 0.891912
1924 0.892013
1925 0.892093
1926 0.892200
1927 0.892363
1928 0.892428
1929 0.892531
1930 0.892530
1931 0.892388
1932 0.892311
1933 0.892120
1934 0.891881
1935 0.891664
1936 0.891391
1937 0.891066
1938 0.890855
1939 0.890592
1940 0.890408
1941 0.890208
1942 0.889943
1943 0.889767
1944 0.889596
1945 0.889476
1946 0.889344
1947 0.889155
1948 0.888973
1949 0.888832
1950 0.888672
1951 0.888574
1952 0.888464
1953 0.888342
1954 0.888322
1955 0.888146
1956 0.888067
1957 0.888065
1958 0.888067
1959 0.888033
1960 0.887980
1961 0.887985
1962 0.887957
1963 0.887905
1964 0.887836
1965 0.887809
1966 0.887672
1967 0.887601
1968 0.887466
1969 0.887325
1970 0.887268
1971 0.887094
1972 0.886953
1973 0.886780
1974 0.886568
1975 0.886410
1976 0.886267
