542 1.502414
543 1.502649
544 1.502865
545 1.503064
546 1.503246
547 1.503413
548 1.503564
549 1.503701
550 1.503824
551 1.503935
552 1.504034
553 1.504122
554 1.504200
555 1.504269
556 1.504330
557 1.504382
558 1.504428
559 1.504468
560 1.504503
561 1.504533
562 1.504560
563 1.504583
564 1.504605
565 1.504625
566 1.504645
567 1.504665
568 1.504686
569 1.504709
570 1.504732
571 1.504755
572 1.504780
573 1.504805
574 1.504831
575 1.504858
576 1.504885
577 1.504912
578 1.504939
579 1.504967
580 1.504995
581 1.505023
582 1.505051
583 1.505079
584 1.505107
585 1.505134
586 1.505161
587 1.505188
588 1.505215
589 1.505241
590 1.505266
591 1.505291
592 1.505314
593 1.505337
594 1.505360
595 1.505381
596 1.505401
597 1.505420
598 1.505438
599 1.505455
600 1.505470
601 1.505485
602 1.505497
603 1.505508
604 1.505518
605 1.505526
606 1.505532
607 1.505536
608 1.505539
609 1.505540
610 1.505538
611 1.505535
612 1.505529
613 1.505522
614 1.505512
615 1.505500
616 1.505485
617 1.505468
618 1.505448
619 1.505427
620 1.505403
621 1.505377
622 1.505351
623 1.505323
624 1.505294
625 1.505264
626 1.505235
627 1.505205
628 1.505175
629 1.505146
630 1.505117
631 1.505090
632 1.505064
633 1.505039
634 1.505017
635 1.504996
636 1.504977
637 1.504962
638 1.504948
639 1.504938
640 1.504930
641 1.504924
642 1.504922
643 1.504922
644 1.504925
645 1.504931
646 1.504940
647 1.504951
648 1.504966
649 1.504983
650 1.505003
651 1.505027
652 1.505053
653 1.505082
654 1.505115
655 1.505150
656 1.505189
657 1.505230
658 1.505275
659 1.505323
660 1.505375
661 1.505429
662 1.505487
663 1.505548
664 1.505612
665 1.505680
666 1.505751
667 1.505826
668 1.505903
669 1.505985
670 1.506070
671 1.506158
672 1.506250
673 1.506345
674 1.506444
675 1.506546
676 1.506653
677 1.506762
678 1.506876
679 1.506993
680 1.507114
681 1.507238
682 1.507366
683 1.507498
684 1.507633
685 1.507772
686 1.507914
687 1.508059
688 1.508207
689 1.508359
690 1.508513
691 1.508671
692 1.508831
693 1.508994
694 1.509160
695 1.509328
696 1.509499
697 1.509672
698 1.509848
699 1.510026
700 1.510207
701 1.510389
702 1.510574
703 1.510760
704 1.510949
705 1.511139
706 1.511332
707 1.511525
708 1.511721
709 1.511918
710 1.512116
711 1.512316
712 1.512516
713 1.512718
714 1.512921
715 1.513125
716 1.513330
717 1.513535
718 1.513741
719 1.513948
720 1.514155
721 1.514363
722 1.514570
723 1.514778
724 1.514987
725 1.515195
726 1.515403
727 1.515611
728 1.515819
729 1.516027
730 1.516234
731 1.516441
732 1.516647
733 1.516852
734 1.517057
735 1.517261
736 1.517464
737 1.517666
738 1.517868
739 1.518068
740 1.518266
741 1.518464
742 1.518660
743 1.518854
744 1.519048
745 1.519239
746 1.519429
747 1.519617
748 1.519803
749 1.519987
750 1.520169
751 1.520349
752 1.520527
753 1.520703
754 1.520876
755 1.521047
756 1.521216
757 1.521382
758 1.521545
759 1.521706
760 1.521865
761 1.522021
762 1.522174
763 1.522325
764 1.522474
765 1.522620
766 1.522764
767 1.522905
768 1.523044
769 1.523181
770 1.523315
771 1.523446
772 1.523575
773 1.523702
774 1.523826
775 1.523948
776 1.524067
777 1.524184
778 1.524299
779 1.524411
780 1.524521
781 1.524628
782 1.524733
783 1.524836
784 1.524936
785 1.525034
786 1.525129
787 1.525222
788 1.525312
789 1.525401
790 1.525486
791 1.525570
792 1.525651
793 1.525729
794 1.525805
795 1.525879
796 1.525951
797 1.526020
798 1.526086
799 1.526151
800 1.526212
801 1.526272
802 1.526329
803 1.526384
804 1.526436
805 1.526486
806 1.526534
807 1.526579
808 1.526621
809 1.526662
810 1.526700
811 1.526736
812 1.526769
813 1.526800
814 1.526828
815 1.526854
816 1.526878
817 1.526899
818 1.526918
819 1.526935
820 1.526949
821 1.526961
822 1.526970
823 1.526977
824 1.526982
825 1.526984
826 1.526984
827 1.526981
828 1.526977
829 1.526969
830 1.526959
831 1.526947
832 1.526933
833 1.526916
834 1.526896
835 1.526875
836 1.526850
837 1.526824
838 1.526795
839 1.526763
840 1.526730
841 1.526693
842 1.526655
843 1.526614
844 1.526570
845 1.526524
846 1.526476
847 1.526425
848 1.526372
849 1.526316
850 1.526258
851 1.526197
852 1.526134
853 1.526069
854 1.526001
855 1.525931
856 1.525858
857 1.525783
858 1.525705
859 1.525625
860 1.525542
861 1.525457
862 1.525369
863 1.525279
864 1.525187
865 1.525092
866 1.524994
867 1.524894
868 1.524792
869 1.524687
870 1.524579
871 1.524469
872 1.524357
873 1.524242
874 1.524124
875 1.524004
876 1.523881
877 1.523756
878 1.523629
879 1.523498
880 1.523366
881 1.523230
882 1.523092
883 1.522952
884 1.522809
885 1.522664
886 1.522516
887 1.522365
888 1.522212
889 1.522056
890 1.521898
891 1.521737
892 1.521573
893 1.521407
894 1.521238
895 1.521067
896 1.520893
897 1.520716
898 1.520537
899 1.520355
900 1.520171
901 1.519984
902 1.519794
903 1.519602
904 1.519407
905 1.519209
906 1.519009
907 1.518806
908 1.518600
909 1.518392
910 1.518181
911 1.517967
912 1.517750
913 1.517531
914 1.517309
915 1.517085
916 1.516858
917 1.516628
918 1.516395
919 1.516159
920 1.515921
921 1.515680
922 1.515436
923 1.515190
924 1.514941
925 1.514689
926 1.514434
927 1.514176
928 1.513916
929 1.513653
930 1.513387
931 1.513118
932 1.512846
933 1.512572
934 1.512294
935 1.512014
936 1.511731
937 1.511445
938 1.511157
939 1.510865
940 1.510571
941 1.510273
942 1.509973
943 1.509670
944 1.509364
945 1.509055
946 1.508743
947 1.508429
948 1.508111
949 1.507790
950 1.507467
951 1.507140
952 1.506811
953 1.506478
954 1.506143
955 1.505804
956 1.505463
957 1.505118
958 1.504771
959 1.504420
960 1.504067
961 1.503710
962 1.503351
963 1.502988
964 1.502623
965 1.502254
966 1.501882
967 1.501507
968 1.501129
969 1.500748
970 1.500364
971 1.499976
972 1.499586
973 1.499192
974 1.498795
975 1.498395
976 1.497992
977 1.497586
978 1.497176
979 1.496764
980 1.496348
981 1.495928
