1773
205 3.412706
206 3.297406
207 3.192670
208 3.097515
209 3.012160
210 2.934936
211 2.866729
212 2.806502
213 2.752421
214 2.703260
215 2.658564
216 2.618134
217 2.580884
218 2.545746
219 2.511742
220 2.478661
221 2.444710
222 2.410317
223 2.374190
224 2.337842
225 2.301382
226 2.263110
227 2.223883
228 2.184869
229 2.145349
230 2.105049
231 2.063849
232 2.021520
233 1.979474
234 1.938203
235 1.896812
236 1.857091
237 1.818637
238 1.780107
239 1.743334
240 1.709008
241 1.677482
242 1.648353
243 1.622274
244 1.597951
245 1.575421
246 1.553327
247 1.531419
248 1.510936
249 1.490294
250 1.470236
251 1.450978
252 1.432133
253 1.412763
254 1.393364
255 1.374624
256 1.356662
257 1.339953
258 1.324447
259 1.309754
260 1.295683
261 1.281957
262 1.269261
263 1.257911
264 1.247805
265 1.237908
266 1.229672
267 1.222364
268 1.216001
269 1.210688
270 1.205908
271 1.201824
272 1.198720
273 1.195769
274 1.192824
275 1.190480
276 1.187211
277 1.183848
278 1.179765
279 1.175417
280 1.170972
281 1.165521
282 1.159380
283 1.152382
284 1.144568
285 1.136076
286 1.127117
287 1.117665
288 1.107842
289 1.097683
290 1.087443
291 1.077925
292 1.068410
293 1.059097
294 1.050316
295 1.041908
296 1.034190
297 1.026898
298 1.020585
299 1.014860
300 1.009149
301 1.003170
302 0.997095
303 0.990956
304 0.985022
305 0.979070
306 0.973226
307 0.967917
308 0.962740
309 0.957859
310 0.953547
311 0.950147
312 0.947394
313 0.945765
314 0.944091
315 0.943177
316 0.942564
317 0.941987
318 0.941517
319 0.940818
320 0.940428
321 0.940607
322 0.940500
323 0.940324
324 0.941066
325 0.941658
326 0.942850
327 0.943327
328 0.944066
329 0.944889
330 0.946578
331 0.947382
332 0.949101
333 0.950987
334 0.952532
335 0.953620
336 0.954848
337 0.956224
338 0.957846
339 0.958617
340 0.958787
341 0.959713
342 0.958356
343 0.956793
344 0.954850
345 0.952276
346 0.948033
347 0.943350
348 0.938141
349 0.932409
350 0.925351
351 0.917342
352 0.910463
353 0.902902
354 0.894759
355 0.887464
356 0.880468
357 0.873180
358 0.864678
359 0.857044
360 0.848797
361 0.840121
362 0.831217
363 0.822214
364 0.812465
365 0.801796
366 0.790449
367 0.779221
368 0.768157
369 0.757069
370 0.746552
371 0.735982
372 0.725376
373 0.714970
374 0.705907
375 0.697713
376 0.690235
377 0.683626
378 0.677702
379 0.672030
380 0.666909
381 0.662694
382 0.659065
383 0.655511
384 0.651992
385 0.648595
386 0.645504
387 0.642441
388 0.639448
389 0.636448
390 0.633437
391 0.630230
392 0.627008
393 0.623808
394 0.620419
395 0.616936
396 0.613454
397 0.609865
398 0.606196
399 0.602488
400 0.598816
401 0.595307
402 0.591946
403 0.588884
404 0.586152
405 0.583700
406 0.581728
407 0.580394
408 0.579645
409 0.579677
410 0.580669
411 0.582578
412 0.585486
413 0.589363
414 0.594241
415 0.600109
416 0.606802
417 0.614167
418 0.622226
419 0.630753
420 0.639339
421 0.647843
422 0.656200
423 0.664342
424 0.672204
425 0.679694
426 0.686697
427 0.693292
428 0.699491
429 0.705218
430 0.710650
431 0.715791
432 0.720531
433 0.724852
434 0.728741
435 0.732161
436 0.735224
437 0.738014
438 0.740526
439 0.742748
440 0.744687
441 0.746460
442 0.748118
443 0.749733
444 0.751367
445 0.753102
446 0.754945
447 0.756844
448 0.758706
449 0.760609
450 0.762577
451 0.764477
452 0.766325
453 0.768086
454 0.769672
455 0.771088
456 0.772300
457 0.773245
458 0.773975
459 0.774595
460 0.775112
461 0.775591
462 0.776032
463 0.776494
464 0.777029
465 0.777646
466 0.778379
467 0.779271
468 0.780425
469 0.781728
470 0.783188
471 0.784747
472 0.786404
473 0.788066
474 0.789686
475 0.791285
476 0.792884
477 0.794395
478 0.795729
479 0.796903
480 0.797711
481 0.798331
482 0.798743
483 0.798982
484 0.799117
485 0.799038
486 0.798836
487 0.798518
488 0.798067
489 0.797683
490 0.797455
491 0.797344
492 0.797379
493 0.797485
494 0.797722
495 0.798204
496 0.798766
497 0.799433
498 0.800328
499 0.801222
500 0.802245
501 0.803267
502 0.804228
503 0.805310
504 0.806322
505 0.807156
506 0.807930
507 0.808595
508 0.809121
509 0.809562
510 0.809864
511 0.810073
512 0.810166
513 0.810062
514 0.809868
515 0.809659
516 0.809387
517 0.809145
518 0.808900
519 0.808690
520 0.808457
521 0.808290
522 0.808228
523 0.808313
524 0.808536
525 0.808880
526 0.809323
527 0.809913
528 0.810623
529 0.811341
530 0.812246
531 0.813256
532 0.814344
533 0.815459
534 0.816628
535 0.817742
536 0.818941
537 0.820066
538 0.821085
539 0.822109
540 0.822985
541 0.823736
542 0.824403
543 0.824877
544 0.825176
545 0.825458
546 0.825519
547 0.825490
548 0.825352
549 0.825082
550 0.824718
551 0.824287
552 0.823707
553 0.823188
554 0.822723
555 0.822232
556 0.821757
557 0.821314
558 0.820892
559 0.820547
560 0.820209
561 0.819891
562 0.819851
563 0.819964
564 0.820089
565 0.820286
566 0.820607
567 0.821072
568 0.821595
569 0.822246
570 0.823080
571 0.824007
572 0.824887
573 0.825752
574 0.826778
575 0.827777
576 0.828754
577 0.829673
578 0.830617
579 0.831465
580 0.832328
581 0.833108
582 0.833849
583 0.834531
584 0.834973
585 0.835390
586 0.835696
587 0.835961
588 0.836150
589 0.836263
590 0.836237
591 0.836228
592 0.836100
593 0.835801
594 0.835571
595 0.835278
596 0.835036
597 0.834626
598 0.834259
599 0.833873
600 0.833501
601 0.833085
602 0.832787
603 0.832572
604 0.832291
605 0.832096
606 0.831941
607 0.831970
608 0.832017
609 0.832232
610 0.832511
611 0.832875
612 0.833247
613 0.833740
614 0.834344
615 0.834977
616 0.835740
617 0.836541
618 0.837345
619 0.838090
620 0.838907
621 0.839865
622 0.840826
623 0.841642
624 0.842498
625 0.843402
626 0.844248
627 0.845135
628 0.846073
629 0.847004
630 0.847869
631 0.848452
632 0.849036
633 0.849754
634 0.850322
635 0.850811
636 0.851175
637 0.851395
638 0.851450
639 0.851489
640 0.851483
641 0.851606
642 0.851619
643 0.851500
644 0.851407
645 0.851221
646 0.851015
647 0.850824
648 0.850648
649 0.850392
650 0.850096
651 0.849739
652 0.849309
653 0.848904
654 0.848460
655 0.848062
656 0.847688
657 0.847404
658 0.847199
659 0.847014
660 0.846865
661 0.846840
662 0.846852
663 0.846929
664 0.847141
665 0.847422
666 0.847753
667 0.847943
668 0.848156
669 0.848470
670 0.848854
671 0.849268
672 0.849757
673 0.850273
674 0.850859
675 0.851459
676 0.852091
677 0.852794
678 0.853636
679 0.854549
680 0.855433
681 0.856233
682 0.857106
683 0.857989
684 0.858862
685 0.859689
686 0.860508
687 0.861456
688 0.862313
689 0.863060
690 0.863851
691 0.864695
692 0.865551
693 0.866387
694 0.867014
695 0.867666
696 0.868322
697 0.868805
698 0.869214
699 0.869594
700 0.869829
701 0.869881
702 0.869862
703 0.869878
704 0.869975
705 0.869959
706 0.869877
707 0.869790
708 0.869693
709 0.869593
710 0.869460
711 0.869294
712 0.869006
713 0.868592
714 0.868201
715 0.867853
716 0.867479
717 0.867050
718 0.866554
719 0.866059
720 0.865613
721 0.865212
722 0.864760
723 0.864362
724 0.863919
725 0.863522
726 0.863207
727 0.862867
728 0.862589
729 0.862335
730 0.862090
731 0.861965
732 0.862040
733 0.862093
734 0.862109
735 0.862090
736 0.862162
737 0.862317
738 0.862474
739 0.862609
740 0.862825
741 0.863063
742 0.863300
743 0.863637
744 0.864035
745 0.864548
746 0.864908
747 0.865411
748 0.866014
749 0.866672
750 0.867393
751 0.868138
752 0.868911
753 0.869635
754 0.870352
755 0.871089
756 0.871984
757 0.872806
758 0.873635
759 0.874482
760 0.875196
761 0.875907
762 0.876621
763 0.877511
764 0.878400
765 0.879184
766 0.879749
767 0.880330
768 0.880908
769 0.881514
770 0.882158
771 0.882680
772 0.883189
773 0.883526
774 0.883996
775 0.884352
776 0.884762
777 0.885085
778 0.885570
779 0.886006
780 0.886178
781 0.886137
782 0.886213
783 0.886195
784 0.885979
785 0.885959
786 0.886006
787 0.885974
788 0.885461
789 0.884956
790 0.884607
791 0.884596
792 0.884336
793 0.884209
794 0.883893
795 0.883402
796 0.882923
797 0.882630
798 0.882404
799 0.882147
800 0.881834
801 0.881513
802 0.881244
803 0.880671
804 0.880294
805 0.880140
806 0.879774
807 0.878961
808 0.878367
809 0.877809
810 0.877277
811 0.876635
812 0.876220
813 0.875872
814 0.875530
815 0.875038
816 0.874296
817 0.874081
818 0.873808
819 0.873589
820 0.873459
821 0.873289
822 0.872980
823 0.872929
824 0.872861
825 0.872829
826 0.873057
827 0.873356
828 0.873405
829 0.873780
830 0.874228
831 0.874394
832 0.874830
833 0.874632
834 0.874968
835 0.875154
836 0.875615
837 0.876065
838 0.876382
839 0.876602
840 0.876942
841 0.877009
842 0.877107
843 0.878281
844 0.878962
845 0.879356
846 0.879532
847 0.879904
848 0.880583
849 0.880858
850 0.881120
851 0.881948
852 0.882797
853 0.883138
854 0.882746
855 0.883875
856 0.884489
857 0.885315
858 0.886389
859 0.887317
860 0.888309
861 0.889260
862 0.890026
863 0.890644
864 0.892109
865 0.892477
866 0.893634
867 0.894096
868 0.894475
869 0.895067
870 0.895525
871 0.896096
872 0.896465
873 0.897028
874 0.897441
875 0.897813
876 0.898101
877 0.898417
878 0.898674
879 0.898848
880 0.899035
881 0.899195
882 0.899340
883 0.899312
884 0.899394
885 0.899534
886 0.899584
887 0.899567
888 0.899569
889 0.899555
890 0.899558
891 0.899534
892 0.899478
893 0.899514
894 0.899446
895 0.899302
896 0.899190
897 0.899039
898 0.898823
899 0.898671
900 0.898376
901 0.898071
902 0.897802
903 0.897446
904 0.897118
905 0.896795
906 0.896390
907 0.896079
908 0.895808
909 0.895471
910 0.895116
911 0.894737
912 0.894332
913 0.893950
914 0.893570
915 0.893175
916 0.892797
917 0.892430
918 0.892008
919 0.891619
920 0.891254
921 0.890934
922 0.890633
923 0.890299
924 0.889968
925 0.889639
926 0.889317
927 0.888966
928 0.888679
929 0.888417
930 0.888135
931 0.887846
932 0.887558
933 0.887326
934 0.887096
935 0.886899
936 0.886696
937 0.886516
938 0.886326
939 0.886127
940 0.885965
941 0.885823
942 0.885670
943 0.885529
944 0.885392
945 0.885288
946 0.885236
947 0.885213
948 0.885181
949 0.885156
950 0.885156
951 0.885197
952 0.885256
953 0.885341
954 0.885445
955 0.885561
956 0.885682
957 0.885831
958 0.886003
959 0.886192
960 0.886372
961 0.886549
962 0.886758
963 0.886957
964 0.887155
965 0.887363
966 0.887566
967 0.887780
968 0.888006
969 0.888263
970 0.888543
971 0.888827
972 0.889110
973 0.889426
974 0.889759
975 0.890098
976 0.890458
977 0.890821
978 0.891178
979 0.891527
980 0.891892
981 0.892290
982 0.892683
983 0.893072
984 0.893475
985 0.893868
986 0.894238
987 0.894582
988 0.894877
989 0.895067
990 0.895065
991 0.894968
992 0.894886
993 0.894726
994 0.894512
995 0.894324
996 0.894126
997 0.893845
998 0.893608
999 0.893657
1000 0.893842
1001 0.893909
1002 0.893955
1003 0.894131
1004 0.894328
1005 0.894512
1006 0.894685
1007 0.894928
1008 0.895170
1009 0.895113
1010 0.895088
1011 0.895433
1012 0.895838
1013 0.896039
1014 0.896042
1015 0.896050
1016 0.896147
1017 0.896368
1018 0.896530
1019 0.896686
1020 0.896827
1021 0.896792
1022 0.896676
1023 0.896769
1024 0.896997
1025 0.897106
1026 0.897092
1027 0.896949
1028 0.896839
1029 0.896925
1030 0.897029
1031 0.896970
1032 0.896817
1033 0.896687
1034 0.896564
1035 0.896439
1036 0.896402
1037 0.896387
1038 0.896253
1039 0.895947
1040 0.895700
1041 0.895608
1042 0.895457
1043 0.895111
1044 0.894868
1045 0.894711
1046 0.894356
1047 0.893922
1048 0.893570
1049 0.893364
1050 0.893073
1051 0.892602
1052 0.892186
1053 0.891936
1054 0.891635
1055 0.891283
1056 0.890918
1057 0.890545
1058 0.890180
1059 0.889832
1060 0.889472
1061 0.889226
1062 0.889035
1063 0.888616
1064 0.888118
1065 0.887618
1066 0.887329
1067 0.887110
1068 0.886868
1069 0.886506
1070 0.886018
1071 0.885524
1072 0.885139
1073 0.884916
1074 0.884714
1075 0.884520
1076 0.884127
1077 0.883684
1078 0.883367
1079 0.883085
1080 0.882876
1081 0.882677
1082 0.882278
1083 0.881818
1084 0.881500
1085 0.881243
1086 0.881075
1087 0.880918
1088 0.880584
1089 0.880205
1090 0.879842
1091 0.879591
1092 0.879483
1093 0.879394
1094 0.879193
1095 0.878939
1096 0.878646
1097 0.878400
1098 0.878237
1099 0.878224
1100 0.878231
1101 0.878175
1102 0.878072
1103 0.878004
1104 0.877933
1105 0.877916
1106 0.877945
1107 0.877957
1108 0.878001
1109 0.877962
1110 0.877940
1111 0.877916
1112 0.877923
1113 0.877951
1114 0.877988
1115 0.877988
1116 0.878033
1117 0.878138
1118 0.878248
1119 0.878342
1120 0.878458
1121 0.878605
1122 0.878758
1123 0.878899
1124 0.878921
1125 0.878958
1126 0.879105
1127 0.879239
1128 0.879378
1129 0.879546
1130 0.879725
1131 0.879878
1132 0.880008
1133 0.880179
1134 0.880482
1135 0.880699
1136 0.880930
1137 0.881161
1138 0.881383
1139 0.881589
1140 0.881792
1141 0.882020
1142 0.882297
1143 0.882556
1144 0.882829
1145 0.883233
1146 0.883533
1147 0.883819
1148 0.884091
1149 0.884377
1150 0.884680
1151 0.884976
1152 0.885280
1153 0.885585
1154 0.885891
1155 0.886194
1156 0.886504
1157 0.886712
1158 0.887059
1159 0.887375
1160 0.887680
1161 0.888002
1162 0.888295
1163 0.888586
1164 0.888871
1165 0.889121
1166 0.889351
1167 0.889720
1168 0.889969
1169 0.890271
1170 0.890552
1171 0.890816
1172 0.891086
1173 0.891354
1174 0.891624
1175 0.891891
1176 0.892167
1177 0.892410
1178 0.892666
1179 0.892906
1180 0.893114
1181 0.893329
1182 0.893534
1183 0.893715
1184 0.893890
1185 0.894081
1186 0.894322
1187 0.894535
1188 0.894734
1189 0.894914
1190 0.895120
1191 0.895282
1192 0.895464
1193 0.895620
1194 0.895786
1195 0.895936
1196 0.896026
1197 0.896125
1198 0.896218
1199 0.896283
1200 0.896371
1201 0.896481
1202 0.896566
1203 0.896652
1204 0.896701
1205 0.896714
1206 0.896703
1207 0.896682
1208 0.896674
1209 0.896659
1210 0.896590
1211 0.896510
1212 0.896424
1213 0.896340
1214 0.896280
1215 0.896241
1216 0.896191
1217 0.896137
1218 0.896049
1219 0.895955
1220 0.895871
1221 0.895757
1222 0.895640
1223 0.895510
1224 0.895370
1225 0.895229
1226 0.895087
1227 0.894940
1228 0.894782
1229 0.894614
1230 0.894436
1231 0.894278
1232 0.894108
1233 0.893915
1234 0.893711
1235 0.893499
1236 0.893292
1237 0.893069
1238 0.892838
1239 0.892612
1240 0.892379
1241 0.892107
1242 0.891815
1243 0.891543
1244 0.891287
1245 0.891017
1246 0.890736
1247 0.890437
1248 0.890114
1249 0.889779
1250 0.889460
1251 0.889161
1252 0.888885
1253 0.888612
1254 0.888308
1255 0.888004
1256 0.887680
1257 0.887345
1258 0.887039
1259 0.886740
1260 0.886418
1261 0.886080
1262 0.885732
1263 0.885371
1264 0.885013
1265 0.884645
1266 0.884284
1267 0.883952
1268 0.883638
1269 0.883326
1270 0.883018
1271 0.882717
1272 0.882416
1273 0.882119
1274 0.881801
1275 0.881478
1276 0.881170
1277 0.880857
1278 0.880515
1279 0.880148
1280 0.879775
1281 0.879405
1282 0.879022
1283 0.878640
1284 0.878314
1285 0.877988
1286 0.877639
1287 0.877305
1288 0.876996
1289 0.876693
1290 0.876467
1291 0.876223
1292 0.875922
1293 0.875616
1294 0.875288
1295 0.874980
1296 0.874702
1297 0.874431
1298 0.874156
1299 0.873892
1300 0.873569
1301 0.873261
1302 0.873033
1303 0.872816
1304 0.872595
1305 0.872372
1306 0.872155
1307 0.871929
1308 0.871769
1309 0.871600
1310 0.871397
1311 0.871201
1312 0.871004
1313 0.870819
1314 0.870657
1315 0.870498
1316 0.870336
1317 0.870183
1318 0.869986
1319 0.869828
1320 0.869719
1321 0.869612
1322 0.869527
1323 0.869430
1324 0.869318
1325 0.869199
1326 0.869089
1327 0.868989
1328 0.868889
1329 0.868753
1330 0.868715
1331 0.868657
1332 0.868535
1333 0.868437
1334 0.868356
1335 0.868277
1336 0.868198
1337 0.868101
1338 0.867994
1339 0.867915
1340 0.867734
1341 0.867582
1342 0.867501
1343 0.867401
1344 0.867316
1345 0.867243
1346 0.867173
1347 0.867125
1348 0.867115
1349 0.867112
1350 0.867129
1351 0.867177
1352 0.867233
1353 0.867325
1354 0.867229
1355 0.867252
1356 0.867371
1357 0.867500
1358 0.867635
1359 0.867613
1360 0.867547
1361 0.867458
1362 0.867387
1363 0.867502
1364 0.867856
1365 0.868136
1366 0.868342
1367 0.868548
1368 0.868733
1369 0.869121
1370 0.869548
1371 0.870004
1372 0.870460
1373 0.870559
1374 0.870633
1375 0.870802
1376 0.870988
1377 0.871189
1378 0.871410
1379 0.871576
1380 0.871761
1381 0.871944
1382 0.872114
1383 0.872457
1384 0.872783
1385 0.872986
1386 0.873177
1387 0.873365
1388 0.873579
1389 0.873845
1390 0.874121
1391 0.874397
1392 0.874692
1393 0.874973
1394 0.875284
1395 0.875578
1396 0.875926
1397 0.876210
1398 0.876472
1399 0.876730
1400 0.876788
1401 0.877024
1402 0.877267
1403 0.877524
1404 0.877568
1405 0.877839
1406 0.878105
1407 0.878401
1408 0.878552
1409 0.878830
1410 0.879289
1411 0.879572
1412 0.879872
1413 0.880186
1414 0.880658
1415 0.880760
1416 0.880982
1417 0.881259
1418 0.881676
1419 0.881948
1420 0.882224
1421 0.882473
1422 0.882703
1423 0.882898
1424 0.883119
1425 0.883521
1426 0.883781
1427 0.883991
1428 0.884207
1429 0.884392
1430 0.884581
1431 0.884766
1432 0.884965
1433 0.885162
1434 0.885364
1435 0.885354
1436 0.885505
1437 0.885665
1438 0.885863
1439 0.886055
1440 0.886242
1441 0.886433
1442 0.886574
1443 0.886724
1444 0.886864
1445 0.887188
1446 0.887342
1447 0.887491
1448 0.887593
1449 0.887707
1450 0.887805
1451 0.887961
1452 0.888129
1453 0.888293
1454 0.888426
1455 0.888590
1456 0.888723
1457 0.888874
1458 0.889009
1459 0.889129
1460 0.889272
1461 0.889346
1462 0.889421
1463 0.889309
1464 0.889403
1465 0.889459
1466 0.889515
1467 0.889553
1468 0.889580
1469 0.889623
1470 0.889674
1471 0.889764
1472 0.889857
1473 0.890113
1474 0.890210
1475 0.890324
1476 0.890422
1477 0.890329
1478 0.890242
1479 0.890160
1480 0.890225
1481 0.890262
1482 0.890297
1483 0.890322
1484 0.890335
1485 0.890330
1486 0.890338
1487 0.890523
1488 0.890653
1489 0.890559
1490 0.890357
1491 0.890316
1492 0.890261
1493 0.890219
1494 0.890168
1495 0.890111
1496 0.890047
1497 0.889996
1498 0.889992
1499 0.890201
1500 0.890273
1501 0.890058
1502 0.890029
1503 0.890009
1504 0.889905
1505 0.889682
1506 0.889620
1507 0.889541
1508 0.889480
1509 0.889340
1510 0.889135
1511 0.889202
1512 0.889086
1513 0.888960
1514 0.888810
1515 0.888610
1516 0.888315
1517 0.888183
1518 0.888020
1519 0.887936
1520 0.887922
1521 0.887597
1522 0.887241
1523 0.886881
1524 0.886672
1525 0.886791
1526 0.886835
1527 0.886715
1528 0.886585
1529 0.886432
1530 0.886327
1531 0.886320
1532 0.886202
1533 0.886009
1534 0.885715
1535 0.885257
1536 0.884867
1537 0.884578
1538 0.884297
1539 0.884035
1540 0.883781
1541 0.883564
1542 0.883441
1543 0.883391
1544 0.883373
1545 0.883353
1546 0.883264
1547 0.883072
1548 0.882969
1549 0.883038
1550 0.883219
1551 0.883490
1552 0.883800
1553 0.884117
1554 0.884430
1555 0.884727
1556 0.885003
1557 0.885280
1558 0.885452
1559 0.885428
1560 0.885273
1561 0.885045
1562 0.884795
1563 0.884529
1564 0.884246
1565 0.883979
1566 0.883722
1567 0.883458
1568 0.883203
1569 0.882958
1570 0.882706
1571 0.882434
1572 0.882158
1573 0.881914
1574 0.881668
1575 0.881410
1576 0.881157
1577 0.880906
1578 0.880649
1579 0.880382
1580 0.880117
1581 0.879872
1582 0.879624
1583 0.879345
1584 0.879062
1585 0.878779
1586 0.878487
1587 0.878205
1588 0.877934
1589 0.877681
1590 0.877436
1591 0.877188
1592 0.876950
1593 0.876727
1594 0.876499
1595 0.876273
1596 0.876046
1597 0.875798
1598 0.875555
1599 0.875311
1600 0.875060
1601 0.874800
1602 0.874540
1603 0.874274
1604 0.874010
1605 0.873757
1606 0.873493
1607 0.873250
1608 0.872998
1609 0.872736
1610 0.872485
1611 0.872244
1612 0.871992
1613 0.871746
1614 0.871503
1615 0.871262
1616 0.871037
1617 0.870813
1618 0.870585
1619 0.870359
1620 0.870129
1621 0.869887
1622 0.869652
1623 0.869428
1624 0.869194
1625 0.868946
1626 0.868711
1627 0.868464
1628 0.868195
1629 0.867952
1630 0.867710
1631 0.867492
1632 0.867258
1633 0.867022
1634 0.866817
1635 0.866612
1636 0.866394
1637 0.866189
1638 0.865993
1639 0.865814
1640 0.865622
1641 0.865434
1642 0.865254
1643 0.865075
1644 0.864889
1645 0.864718
1646 0.864551
1647 0.864371
1648 0.864220
1649 0.864048
1650 0.863877
1651 0.863707
1652 0.863530
1653 0.863354
1654 0.863189
1655 0.863050
1656 0.862890
1657 0.862744
1658 0.862567
1659 0.862392
1660 0.862222
1661 0.862037
1662 0.861878
1663 0.861699
1664 0.861494
1665 0.861302
1666 0.861102
1667 0.860902
1668 0.860705
1669 0.860505
1670 0.860293
1671 0.860090
1672 0.859874
1673 0.859688
1674 0.859527
1675 0.859353
1676 0.859203
1677 0.859078
1678 0.858981
1679 0.858891
1680 0.858844
1681 0.858770
1682 0.858725
1683 0.858687
1684 0.858637
1685 0.858584
1686 0.858550
1687 0.858533
1688 0.858514
1689 0.858533
1690 0.858530
1691 0.858580
1692 0.858637
1693 0.858679
1694 0.858741
1695 0.858828
1696 0.858913
1697 0.859021
1698 0.859099
1699 0.859175
1700 0.859263
1701 0.859354
1702 0.859465
1703 0.859584
1704 0.859699
1705 0.859796
1706 0.859911
1707 0.859972
1708 0.860097
1709 0.860232
1710 0.860330
1711 0.860431
1712 0.860475
1713 0.860555
1714 0.860638
1715 0.860737
1716 0.860818
1717 0.860886
1718 0.860921
1719 0.860941
1720 0.860981
1721 0.861023
1722 0.861076
1723 0.861072
1724 0.861097
1725 0.861153
1726 0.861168
1727 0.861214
1728 0.861280
1729 0.861294
1730 0.861349
1731 0.861369
1732 0.861431
1733 0.861521
1734 0.861579
1735 0.861611
1736 0.861638
1737 0.861719
1738 0.861763
1739 0.861844
1740 0.861908
1741 0.862007
1742 0.862043
1743 0.862094
1744 0.862152
1745 0.862183
1746 0.862256
1747 0.862266
1748 0.862287
1749 0.862363
1750 0.862426
1751 0.862490
1752 0.862606
1753 0.862706
1754 0.862780
1755 0.862869
1756 0.862995
1757 0.863132
1758 0.863284
1759 0.863396
1760 0.863482
1761 0.863573
1762 0.863662
1763 0.863749
1764 0.863843
1765 0.863942
1766 0.864010
1767 0.864096
1768 0.864159
1769 0.864241
1770 0.864346
1771 0.864445
1772 0.864530
1773 0.864647
1774 0.864790
1775 0.864921
1776 0.865069
1777 0.865213
1778 0.865366
1779 0.865514
1780 0.865667
1781 0.865830
1782 0.865991
1783 0.866151
1784 0.866359
1785 0.866555
1786 0.866751
1787 0.866934
1788 0.867129
1789 0.867313
1790 0.867522
1791 0.867710
1792 0.867908
1793 0.868094
1794 0.868250
1795 0.868423
1796 0.868566
1797 0.868717
1798 0.868904
1799 0.869078
1800 0.869224
1801 0.869376
1802 0.869518
1803 0.869684
1804 0.869851
1805 0.870013
1806 0.870208
1807 0.870410
1808 0.870604
1809 0.870798
1810 0.871020
1811 0.871264
1812 0.871523
1813 0.871727
1814 0.871898
1815 0.872063
1816 0.872263
1817 0.872472
1818 0.872671
1819 0.872894
1820 0.873093
1821 0.873290
1822 0.873495
1823 0.873722
1824 0.873983
1825 0.874215
1826 0.874407
1827 0.874581
1828 0.874748
1829 0.874915
1830 0.875099
1831 0.875275
1832 0.875468
1833 0.875678
1834 0.875859
1835 0.876069
1836 0.876315
1837 0.876554
1838 0.876786
1839 0.876997
1840 0.877238
1841 0.877468
1842 0.877685
1843 0.877918
1844 0.878181
1845 0.878438
1846 0.878678
1847 0.878943
1848 0.879180
1849 0.879403
1850 0.879570
1851 0.879698
1852 0.879845
1853 0.879991
1854 0.880130
1855 0.880300
1856 0.880492
1857 0.880624
1858 0.880802
1859 0.880988
1860 0.881167
1861 0.881385
1862 0.881566
1863 0.881724
1864 0.881903
1865 0.882045
1866 0.882164
1867 0.882330
1868 0.882521
1869 0.882713
1870 0.882922
1871 0.883141
1872 0.883414
1873 0.883634
1874 0.883827
1875 0.884047
1876 0.884262
1877 0.884443
1878 0.884581
1879 0.884770
1880 0.885009
1881 0.885241
1882 0.885424
1883 0.885621
1884 0.885801
1885 0.885959
1886 0.886126
1887 0.886332
1888 0.886651
1889 0.886868
1890 0.887031
1891 0.887220
1892 0.887405
1893 0.887595
1894 0.887856
1895 0.888150
1896 0.888430
1897 0.888680
1898 0.888820
1899 0.889029
1900 0.889322
1901 0.889605
1902 0.889928
1903 0.890234
1904 0.890514
1905 0.890754
1906 0.891014
1907 0.891252
1908 0.891488
1909 0.891741
1910 0.891956
1911 0.892124
1912 0.892290
1913 0.892480
1914 0.892633
1915 0.892806
1916 0.892987
1917 0.893121
1918 0.893301
1919 0.893431
1920 0.893530
1921 0.893644
1922 0.893733
1923 0.893866
1924 0.894017
1925 0.894120
1926 0.894203
1927 0.894377
1928 0.894474
1929 0.894521
1930 0.894542
1931 0.894563
1932 0.894680
1933 0.894711
1934 0.894685
1935 0.894711
1936 0.894688
1937 0.894675
1938 0.894688
1939 0.894724
1940 0.894787
1941 0.894815
1942 0.894716
1943 0.894725
1944 0.894780
1945 0.894770
1946 0.894854
1947 0.894862
1948 0.894935
1949 0.894977
1950 0.894994
1951 0.895048
1952 0.895113
1953 0.895132
1954 0.895194
1955 0.895189
1956 0.895112
1957 0.895118
1958 0.895035
1959 0.895009
1960 0.895020
1961 0.895013
1962 0.895005
1963 0.894970
1964 0.894866
1965 0.894836
1966 0.894816
1967 0.894789
1968 0.894797
1969 0.894777
1970 0.894816
1971 0.894768
1972 0.894707
1973 0.894671
1974 0.894695
1975 0.894702
1976 0.894725
