1773
205 3.451699
206 3.334880
207 3.228208
208 3.131239
209 3.043452
210 2.964989
211 2.895917
212 2.834123
213 2.778367
214 2.727464
215 2.680789
216 2.639400
217 2.601355
218 2.564880
219 2.529774
220 2.494691
221 2.459608
222 2.423703
223 2.386871
224 2.349890
225 2.312686
226 2.273504
227 2.233941
228 2.194312
229 2.154323
230 2.113949
231 2.072187
232 2.029637
233 1.987716
234 1.946387
235 1.904943
236 1.865443
237 1.826825
238 1.789811
239 1.752843
240 1.718354
241 1.686705
242 1.657868
243 1.631665
244 1.607052
245 1.584497
246 1.561976
247 1.539873
248 1.517810
249 1.497350
250 1.477028
251 1.457519
252 1.437815
253 1.418399
254 1.398796
255 1.379761
256 1.361413
257 1.344260
258 1.328028
259 1.312748
260 1.298267
261 1.283961
262 1.270728
263 1.258239
264 1.247390
265 1.237287
266 1.228589
267 1.220936
268 1.214176
269 1.208627
270 1.203915
271 1.199877
272 1.196621
273 1.193785
274 1.191045
275 1.188331
276 1.185449
277 1.182079
278 1.178450
279 1.174373
280 1.169931
281 1.164653
282 1.158907
283 1.152077
284 1.144339
285 1.136299
286 1.127532
287 1.118520
288 1.109346
289 1.099449
290 1.089554
291 1.080319
292 1.070909
293 1.062110
294 1.053558
295 1.045281
296 1.037557
297 1.030464
298 1.023823
299 1.018129
300 1.012303
301 1.006558
302 1.000803
303 0.994891
304 0.989003
305 0.982832
306 0.977279
307 0.971900
308 0.966733
309 0.961755
310 0.957433
311 0.953504
312 0.950210
313 0.947833
314 0.945995
315 0.945177
316 0.943946
317 0.943416
318 0.942748
319 0.941805
320 0.940967
321 0.941098
322 0.941101
323 0.940890
324 0.941613
325 0.941925
326 0.943014
327 0.943505
328 0.944079
329 0.944887
330 0.946135
331 0.946880
332 0.948470
333 0.950000
334 0.951491
335 0.952887
336 0.954163
337 0.955070
338 0.956599
339 0.957269
340 0.957799
341 0.957968
342 0.956852
343 0.955521
344 0.952937
345 0.950034
346 0.945817
347 0.940869
348 0.934883
349 0.928979
350 0.922028
351 0.914672
352 0.907510
353 0.899914
354 0.892260
355 0.884505
356 0.876716
357 0.869219
358 0.861237
359 0.853279
360 0.845234
361 0.836675
362 0.827859
363 0.818993
364 0.809358
365 0.799370
366 0.788756
367 0.777760
368 0.766799
369 0.755901
370 0.744790
371 0.733631
372 0.722636
373 0.712110
374 0.702752
375 0.694382
376 0.686703
377 0.679865
378 0.673637
379 0.667944
380 0.662989
381 0.658907
382 0.655211
383 0.651515
384 0.647901
385 0.644102
386 0.640896
387 0.637804
388 0.634840
389 0.631827
390 0.628795
391 0.625678
392 0.622431
393 0.619136
394 0.615750
395 0.612311
396 0.608879
397 0.605328
398 0.601683
399 0.598058
400 0.594489
401 0.591013
402 0.587758
403 0.584813
404 0.582093
405 0.579685
406 0.577782
407 0.576496
408 0.575863
409 0.575986
410 0.576967
411 0.578899
412 0.581812
413 0.585666
414 0.590578
415 0.596393
416 0.602924
417 0.610108
418 0.617871
419 0.626059
420 0.634415
421 0.642750
422 0.650949
423 0.658953
424 0.666705
425 0.674158
426 0.681209
427 0.687872
428 0.694182
429 0.700073
430 0.705584
431 0.710663
432 0.715245
433 0.719372
434 0.723021
435 0.726202
436 0.729034
437 0.731565
438 0.733734
439 0.735569
440 0.737125
441 0.738598
442 0.740082
443 0.741479
444 0.742853
445 0.744328
446 0.745885
447 0.747441
448 0.749043
449 0.750701
450 0.752438
451 0.754191
452 0.755861
453 0.757465
454 0.758916
455 0.760177
456 0.761262
457 0.762158
458 0.762854
459 0.763461
460 0.763937
461 0.764290
462 0.764596
463 0.764916
464 0.765299
465 0.765748
466 0.766256
467 0.766942
468 0.767816
469 0.768809
470 0.769980
471 0.771216
472 0.772541
473 0.773916
474 0.775305
475 0.776745
476 0.778301
477 0.779782
478 0.781136
479 0.782355
480 0.783288
481 0.784023
482 0.784632
483 0.785122
484 0.785424
485 0.785463
486 0.785226
487 0.784945
488 0.784566
489 0.784080
490 0.783687
491 0.783368
492 0.783070
493 0.782765
494 0.782503
495 0.782430
496 0.782449
497 0.782571
498 0.782916
499 0.783402
500 0.783967
501 0.784657
502 0.785392
503 0.786339
504 0.787416
505 0.788524
506 0.789679
507 0.790797
508 0.791854
509 0.792914
510 0.793995
511 0.795048
512 0.796006
513 0.796844
514 0.797530
515 0.798066
516 0.798491
517 0.798784
518 0.799031
519 0.799180
520 0.799195
521 0.799114
522 0.799006
523 0.798770
524 0.798620
525 0.798490
526 0.798364
527 0.798246
528 0.798167
529 0.798098
530 0.798129
531 0.798233
532 0.798404
533 0.798695
534 0.799049
535 0.799466
536 0.800013
537 0.800655
538 0.801335
539 0.802157
540 0.802961
541 0.803805
542 0.804737
543 0.805669
544 0.806578
545 0.807534
546 0.808396
547 0.809279
548 0.810073
549 0.810801
550 0.811494
551 0.812128
552 0.812520
553 0.812965
554 0.813347
555 0.813609
556 0.813836
557 0.813965
558 0.813896
559 0.813785
560 0.813497
561 0.813079
562 0.812826
563 0.812511
564 0.812126
565 0.811782
566 0.811409
567 0.811098
568 0.810853
569 0.810660
570 0.810617
571 0.810660
572 0.810634
573 0.810627
574 0.810800
575 0.810978
576 0.811259
577 0.811563
578 0.811984
579 0.812408
580 0.813004
581 0.813492
582 0.814228
583 0.814981
584 0.815728
585 0.816533
586 0.817353
587 0.818138
588 0.819020
589 0.819852
590 0.820691
591 0.821720
592 0.822590
593 0.823356
594 0.824088
595 0.824771
596 0.825551
597 0.826200
598 0.826733
599 0.827276
600 0.827653
601 0.828005
602 0.828270
603 0.828454
604 0.828538
605 0.828638
606 0.828533
607 0.828478
608 0.828367
609 0.828232
610 0.828116
611 0.827913
612 0.827703
613 0.827546
614 0.827398
615 0.827201
616 0.827094
617 0.826954
618 0.826782
619 0.826629
620 0.826394
621 0.826265
622 0.826242
623 0.826195
624 0.826201
625 0.826260
626 0.826304
627 0.826480
628 0.826829
629 0.827148
630 0.827596
631 0.828023
632 0.828452
633 0.829008
634 0.829580
635 0.830204
636 0.830809
637 0.831471
638 0.832070
639 0.832765
640 0.833426
641 0.834113
642 0.834862
643 0.835693
644 0.836481
645 0.837244
646 0.838022
647 0.838751
648 0.839469
649 0.840251
650 0.841058
651 0.841789
652 0.842372
653 0.842870
654 0.843387
655 0.843882
656 0.844310
657 0.844757
658 0.845205
659 0.845494
660 0.845745
661 0.845973
662 0.846172
663 0.846315
664 0.846361
665 0.846374
666 0.846419
667 0.846353
668 0.846309
669 0.846156
670 0.845974
671 0.845739
672 0.845491
673 0.845208
674 0.844998
675 0.844737
676 0.844448
677 0.844099
678 0.843774
679 0.843548
680 0.843281
681 0.843049
682 0.842934
683 0.842782
684 0.842573
685 0.842334
686 0.842153
687 0.842132
688 0.842113
689 0.842044
690 0.842010
691 0.842086
692 0.842120
693 0.842255
694 0.842441
695 0.842705
696 0.842996
697 0.843289
698 0.843583
699 0.843913
700 0.844311
701 0.844635
702 0.845019
703 0.845522
704 0.846145
705 0.846799
706 0.847438
707 0.848081
708 0.848762
709 0.849533
710 0.850331
711 0.851139
712 0.851821
713 0.852383
714 0.852964
715 0.853601
716 0.854221
717 0.854808
718 0.855447
719 0.856114
720 0.856732
721 0.857318
722 0.857929
723 0.858585
724 0.859151
725 0.859694
726 0.860225
727 0.860661
728 0.861028
729 0.861295
730 0.861655
731 0.862023
732 0.862387
733 0.862698
734 0.862911
735 0.862980
736 0.863233
737 0.863476
738 0.863602
739 0.863625
740 0.863481
741 0.863349
742 0.863376
743 0.863234
744 0.863026
745 0.862842
746 0.862442
747 0.862144
748 0.861888
749 0.861645
750 0.861456
751 0.861189
752 0.860800
753 0.860482
754 0.860268
755 0.859908
756 0.859645
757 0.859434
758 0.859181
759 0.858913
760 0.858594
761 0.858384
762 0.858110
763 0.858003
764 0.857839
765 0.857871
766 0.857626
767 0.857279
768 0.857047
769 0.857018
770 0.856977
771 0.856856
772 0.856795
773 0.856615
774 0.856537
775 0.856352
776 0.856399
777 0.856447
778 0.856584
779 0.856655
780 0.856589
781 0.856471
782 0.856566
783 0.856686
784 0.856825
785 0.857028
786 0.857253
787 0.857552
788 0.857591
789 0.857661
790 0.858020
791 0.858559
792 0.858865
793 0.859248
794 0.859620
795 0.859999
796 0.860382
797 0.860973
798 0.861703
799 0.862325
800 0.862781
801 0.863344
802 0.863958
803 0.864450
804 0.864804
805 0.865460
806 0.866078
807 0.866232
808 0.866578
809 0.866936
810 0.867249
811 0.867504
812 0.867929
813 0.868485
814 0.869067
815 0.869478
816 0.869409
817 0.869816
818 0.870080
819 0.870726
820 0.871335
821 0.871718
822 0.871948
823 0.872058
824 0.872339
825 0.872480
826 0.873076
827 0.873514
828 0.873931
829 0.874123
830 0.874331
831 0.874452
832 0.874727
833 0.874579
834 0.874847
835 0.874990
836 0.875304
837 0.875263
838 0.875156
839 0.875073
840 0.874983
841 0.874896
842 0.874792
843 0.875182
844 0.875069
845 0.874701
846 0.874240
847 0.873977
848 0.873698
849 0.873357
850 0.873320
851 0.873035
852 0.872203
853 0.871796
854 0.871048
855 0.870449
856 0.870432
857 0.870809
858 0.871350
859 0.871599
860 0.871744
861 0.872177
862 0.873005
863 0.873246
864 0.873866
865 0.874650
866 0.874888
867 0.874631
868 0.874169
869 0.873967
870 0.873690
871 0.873536
872 0.873320
873 0.873171
874 0.873020
875 0.872865
876 0.872622
877 0.872483
878 0.872397
879 0.872211
880 0.872071
881 0.871847
882 0.871708
883 0.871530
884 0.871377
885 0.871271
886 0.871191
887 0.871111
888 0.871097
889 0.870991
890 0.870982
891 0.871013
892 0.870987
893 0.871130
894 0.871222
895 0.871327
896 0.871488
897 0.871601
898 0.871669
899 0.871861
900 0.871957
901 0.872136
902 0.872411
903 0.872584
904 0.872731
905 0.872946
906 0.873096
907 0.873308
908 0.873599
909 0.873890
910 0.874203
911 0.874482
912 0.874680
913 0.874941
914 0.875290
915 0.875589
916 0.875876
917 0.876210
918 0.876501
919 0.876821
920 0.877120
921 0.877450
922 0.877809
923 0.878143
924 0.878427
925 0.878743
926 0.879087
927 0.879400
928 0.879727
929 0.880075
930 0.880422
931 0.880761
932 0.881087
933 0.881409
934 0.881754
935 0.882111
936 0.882453
937 0.882781
938 0.883057
939 0.883308
940 0.883551
941 0.883799
942 0.884026
943 0.884247
944 0.884412
945 0.884598
946 0.884795
947 0.884997
948 0.885202
949 0.885394
950 0.885578
951 0.885739
952 0.885888
953 0.886045
954 0.886197
955 0.886310
956 0.886408
957 0.886499
958 0.886561
959 0.886615
960 0.886672
961 0.886724
962 0.886754
963 0.886760
964 0.886764
965 0.886759
966 0.886731
967 0.886701
968 0.886658
969 0.886608
970 0.886529
971 0.886425
972 0.886318
973 0.886188
974 0.886040
975 0.885881
976 0.885721
977 0.885558
978 0.885383
979 0.885191
980 0.884997
981 0.884815
982 0.884627
983 0.884443
984 0.884258
985 0.884053
986 0.883802
987 0.883476
988 0.883095
989 0.882636
990 0.881988
991 0.881254
992 0.880532
993 0.879724
994 0.878779
995 0.877871
996 0.877066
997 0.876220
998 0.875313
999 0.874545
1000 0.874023
1001 0.873578
1002 0.873108
1003 0.872603
1004 0.872130
1005 0.871743
1006 0.871359
1007 0.871075
1008 0.870919
1009 0.870584
1010 0.870194
1011 0.869895
1012 0.869604
1013 0.869433
1014 0.869265
1015 0.869023
1016 0.868782
1017 0.868539
1018 0.868284
1019 0.868138
1020 0.867996
1021 0.867797
1022 0.867616
1023 0.867445
1024 0.867368
1025 0.867274
1026 0.867007
1027 0.866828
1028 0.866746
1029 0.866764
1030 0.866721
1031 0.866610
1032 0.866499
1033 0.866520
1034 0.866542
1035 0.866526
1036 0.866704
1037 0.866755
1038 0.866674
1039 0.866530
1040 0.866575
1041 0.866646
1042 0.866665
1043 0.866586
1044 0.866627
1045 0.866762
1046 0.866694
1047 0.866677
1048 0.866740
1049 0.866906
1050 0.866908
1051 0.866917
1052 0.866984
1053 0.867159
1054 0.867292
1055 0.867305
1056 0.867388
1057 0.867507
1058 0.867615
1059 0.867763
1060 0.867999
1061 0.868248
1062 0.868435
1063 0.868505
1064 0.868550
1065 0.868693
1066 0.868996
1067 0.869334
1068 0.869651
1069 0.869753
1070 0.869811
1071 0.869921
1072 0.870226
1073 0.870583
1074 0.870925
1075 0.871179
1076 0.871306
1077 0.871406
1078 0.871655
1079 0.872014
1080 0.872377
1081 0.872639
1082 0.872744
1083 0.872832
1084 0.873065
1085 0.873446
1086 0.873846
1087 0.874232
1088 0.874408
1089 0.874536
1090 0.874679
1091 0.875000
1092 0.875386
1093 0.875769
1094 0.876033
1095 0.876112
1096 0.876213
1097 0.876343
1098 0.876564
1099 0.876928
1100 0.877286
1101 0.877537
1102 0.877764
1103 0.877990
1104 0.878182
1105 0.878485
1106 0.878783
1107 0.879053
1108 0.879336
1109 0.879502
1110 0.879671
1111 0.879864
1112 0.880087
1113 0.880271
1114 0.880450
1115 0.880626
1116 0.880782
1117 0.880969
1118 0.881137
1119 0.881324
1120 0.881474
1121 0.881625
1122 0.881729
1123 0.881732
1124 0.881733
1125 0.881757
1126 0.881886
1127 0.881991
1128 0.882084
1129 0.882150
1130 0.882246
1131 0.882317
1132 0.882331
1133 0.882370
1134 0.882408
1135 0.882440
1136 0.882461
1137 0.882494
1138 0.882489
1139 0.882494
1140 0.882475
1141 0.882423
1142 0.882451
1143 0.882570
1144 0.882681
1145 0.882675
1146 0.882550
1147 0.882481
1148 0.882399
1149 0.882319
1150 0.882233
1151 0.882179
1152 0.882115
1153 0.882038
1154 0.881927
1155 0.881811
1156 0.881709
1157 0.881493
1158 0.881413
1159 0.881279
1160 0.881161
1161 0.881017
1162 0.880835
1163 0.880634
1164 0.880451
1165 0.880314
1166 0.880177
1167 0.880068
1168 0.879836
1169 0.879637
1170 0.879429
1171 0.879211
1172 0.879015
1173 0.878815
1174 0.878608
1175 0.878433
1176 0.878244
1177 0.878033
1178 0.877829
1179 0.877614
1180 0.877379
1181 0.877145
1182 0.876881
1183 0.876607
1184 0.876339
1185 0.876078
1186 0.875830
1187 0.875473
1188 0.875111
1189 0.874715
1190 0.874334
1191 0.873970
1192 0.873627
1193 0.873283
1194 0.873048
1195 0.872811
1196 0.872553
1197 0.872395
1198 0.872259
1199 0.872109
1200 0.871884
1201 0.871740
1202 0.871585
1203 0.871437
1204 0.871098
1205 0.870824
1206 0.870539
1207 0.870250
1208 0.869908
1209 0.869623
1210 0.869485
1211 0.869254
1212 0.869005
1213 0.868746
1214 0.868591
1215 0.868377
1216 0.868165
1217 0.867988
1218 0.867834
1219 0.867564
1220 0.867202
1221 0.866848
1222 0.866573
1223 0.866410
1224 0.866241
1225 0.866064
1226 0.865879
1227 0.865626
1228 0.865437
1229 0.865364
1230 0.865299
1231 0.865247
1232 0.865142
1233 0.864939
1234 0.864736
1235 0.864549
1236 0.864399
1237 0.864309
1238 0.864190
1239 0.864060
1240 0.863900
1241 0.863709
1242 0.863585
1243 0.863477
1244 0.863387
1245 0.863279
1246 0.863140
1247 0.862953
1248 0.862766
1249 0.862607
1250 0.862572
1251 0.862566
1252 0.862502
1253 0.862452
1254 0.862388
1255 0.862346
1256 0.862341
1257 0.862377
1258 0.862419
1259 0.862438
1260 0.862415
1261 0.862401
1262 0.862396
1263 0.862338
1264 0.862247
1265 0.862194
1266 0.862201
1267 0.862241
1268 0.862298
1269 0.862354
1270 0.862398
1271 0.862440
1272 0.862492
1273 0.862617
1274 0.862786
1275 0.862901
1276 0.862974
1277 0.862990
1278 0.862943
1279 0.862959
1280 0.863025
1281 0.863086
1282 0.863140
1283 0.863177
1284 0.863245
1285 0.863267
1286 0.863282
1287 0.863402
1288 0.863593
1289 0.863727
1290 0.863809
1291 0.863901
1292 0.864008
1293 0.864125
1294 0.864178
1295 0.864246
1296 0.864326
1297 0.864432
1298 0.864600
1299 0.864768
1300 0.864954
1301 0.865143
1302 0.865334
1303 0.865463
1304 0.865604
1305 0.865806
1306 0.866001
1307 0.866104
1308 0.866242
1309 0.866452
1310 0.866663
1311 0.866868
1312 0.867070
1313 0.867319
1314 0.867565
1315 0.867825
1316 0.868125
1317 0.868428
1318 0.868660
1319 0.868838
1320 0.869008
1321 0.869173
1322 0.869341
1323 0.869540
1324 0.869795
1325 0.870027
1326 0.870229
1327 0.870441
1328 0.870642
1329 0.870818
1330 0.871001
1331 0.871104
1332 0.871240
1333 0.871388
1334 0.871525
1335 0.871662
1336 0.871791
1337 0.871915
1338 0.872026
1339 0.872032
1340 0.872081
1341 0.872261
1342 0.872393
1343 0.872486
1344 0.872595
1345 0.872548
1346 0.872418
1347 0.872271
1348 0.872124
1349 0.872231
1350 0.872333
1351 0.872404
1352 0.872323
1353 0.872194
1354 0.872047
1355 0.872060
1356 0.872166
1357 0.872483
1358 0.872869
1359 0.872942
1360 0.872957
1361 0.872959
1362 0.873171
1363 0.873442
1364 0.873719
1365 0.874025
1366 0.874347
1367 0.874467
1368 0.874530
1369 0.874773
1370 0.875039
1371 0.875326
1372 0.875758
1373 0.876033
1374 0.876150
1375 0.876349
1376 0.876559
1377 0.876776
1378 0.877102
1379 0.877436
1380 0.877753
1381 0.878066
1382 0.878181
1383 0.878444
1384 0.878881
1385 0.879155
1386 0.879398
1387 0.879648
1388 0.879806
1389 0.879942
1390 0.880078
1391 0.880176
1392 0.880305
1393 0.880419
1394 0.880327
1395 0.880248
1396 0.880163
1397 0.880025
1398 0.879882
1399 0.879737
1400 0.879594
1401 0.879658
1402 0.879676
1403 0.879520
1404 0.879562
1405 0.879853
1406 0.879957
1407 0.880076
1408 0.880163
1409 0.880413
1410 0.880457
1411 0.880477
1412 0.880532
1413 0.880776
1414 0.880961
1415 0.880772
1416 0.880796
1417 0.880832
1418 0.880986
1419 0.880987
1420 0.881143
1421 0.881105
1422 0.881041
1423 0.880949
1424 0.880882
1425 0.880946
1426 0.880996
1427 0.881002
1428 0.880890
1429 0.880733
1430 0.880626
1431 0.880510
1432 0.880379
1433 0.880275
1434 0.880148
1435 0.879808
1436 0.879466
1437 0.879118
1438 0.878795
1439 0.878474
1440 0.878343
1441 0.878204
1442 0.878044
1443 0.877854
1444 0.877715
1445 0.877780
1446 0.877835
1447 0.877894
1448 0.877880
1449 0.877859
1450 0.877437
1451 0.877066
1452 0.876899
1453 0.876735
1454 0.876540
1455 0.876349
1456 0.876123
1457 0.875763
1458 0.875611
1459 0.875450
1460 0.875473
1461 0.875459
1462 0.875241
1463 0.874826
1464 0.874405
1465 0.874161
1466 0.873923
1467 0.873855
1468 0.873591
1469 0.873352
1470 0.873144
1471 0.872939
1472 0.872761
1473 0.872760
1474 0.872784
1475 0.872632
1476 0.872466
1477 0.872086
1478 0.871718
1479 0.871329
1480 0.870917
1481 0.870479
1482 0.870088
1483 0.869888
1484 0.869658
1485 0.869445
1486 0.869245
1487 0.869231
1488 0.869153
1489 0.868910
1490 0.868668
1491 0.868471
1492 0.868410
1493 0.868164
1494 0.867948
1495 0.867648
1496 0.867223
1497 0.866997
1498 0.866834
1499 0.866867
1500 0.866823
1501 0.866641
1502 0.866461
1503 0.866287
1504 0.866032
1505 0.865665
1506 0.865473
1507 0.865263
1508 0.865064
1509 0.864795
1510 0.864423
1511 0.864202
1512 0.863971
1513 0.863748
1514 0.863508
1515 0.863264
1516 0.862983
1517 0.862619
1518 0.862422
1519 0.862278
1520 0.862250
1521 0.862069
1522 0.861699
1523 0.861314
1524 0.861020
1525 0.860979
1526 0.861077
1527 0.861085
1528 0.860906
1529 0.860738
1530 0.860644
1531 0.860625
1532 0.860490
1533 0.860298
1534 0.860078
1535 0.859791
1536 0.859364
1537 0.859005
1538 0.858780
1539 0.858569
1540 0.858340
1541 0.858162
1542 0.858104
1543 0.858120
1544 0.858165
1545 0.858216
1546 0.858262
1547 0.858249
1548 0.858117
1549 0.858041
1550 0.858147
1551 0.858408
1552 0.858748
1553 0.859121
1554 0.859491
1555 0.859858
1556 0.860241
1557 0.860633
1558 0.861018
1559 0.861332
1560 0.861470
1561 0.861452
1562 0.861354
1563 0.861219
1564 0.861073
1565 0.860954
1566 0.860836
1567 0.860720
1568 0.860628
1569 0.860545
1570 0.860460
1571 0.860381
1572 0.860313
1573 0.860277
1574 0.860242
1575 0.860181
1576 0.860113
1577 0.860062
1578 0.859996
1579 0.859912
1580 0.859840
1581 0.859795
1582 0.859750
1583 0.859692
1584 0.859637
1585 0.859593
1586 0.859554
1587 0.859505
1588 0.859473
1589 0.859459
1590 0.859437
1591 0.859420
1592 0.859399
1593 0.859376
1594 0.859368
1595 0.859359
1596 0.859329
1597 0.859312
1598 0.859302
1599 0.859273
1600 0.859256
1601 0.859243
1602 0.859228
1603 0.859210
1604 0.859180
1605 0.859153
1606 0.859155
1607 0.859147
1608 0.859126
1609 0.859140
1610 0.859171
1611 0.859195
1612 0.859224
1613 0.859254
1614 0.859282
1615 0.859313
1616 0.859337
1617 0.859370
1618 0.859411
1619 0.859440
1620 0.859455
1621 0.859468
1622 0.859477
1623 0.859506
1624 0.859539
1625 0.859577
1626 0.859629
1627 0.859692
1628 0.859739
1629 0.859788
1630 0.859849
1631 0.859903
1632 0.859958
1633 0.860013
1634 0.860076
1635 0.860143
1636 0.860184
1637 0.860232
1638 0.860291
1639 0.860378
1640 0.860445
1641 0.860532
1642 0.860621
1643 0.860697
1644 0.860786
1645 0.860875
1646 0.860961
1647 0.861033
1648 0.861131
1649 0.861203
1650 0.861285
1651 0.861381
1652 0.861466
1653 0.861546
1654 0.861647
1655 0.861751
1656 0.861844
1657 0.861945
1658 0.862033
1659 0.862122
1660 0.862198
1661 0.862258
1662 0.862333
1663 0.862430
1664 0.862476
1665 0.862531
1666 0.862575
1667 0.862616
1668 0.862624
1669 0.862657
1670 0.862673
1671 0.862676
1672 0.862691
1673 0.862705
1674 0.862727
1675 0.862760
1676 0.862826
1677 0.862906
1678 0.862985
1679 0.863065
1680 0.863201
1681 0.863342
1682 0.863473
1683 0.863626
1684 0.863794
1685 0.863974
1686 0.864138
1687 0.864321
1688 0.864526
1689 0.864750
1690 0.864939
1691 0.865151
1692 0.865392
1693 0.865620
1694 0.865843
1695 0.866065
1696 0.866307
1697 0.866553
1698 0.866826
1699 0.867086
1700 0.867334
1701 0.867601
1702 0.867886
1703 0.868159
1704 0.868428
1705 0.868692
1706 0.868945
1707 0.869198
1708 0.869418
1709 0.869657
1710 0.869897
1711 0.870103
1712 0.870260
1713 0.870485
1714 0.870681
1715 0.870879
1716 0.871079
1717 0.871239
1718 0.871370
1719 0.871528
1720 0.871685
1721 0.871873
1722 0.872016
1723 0.872114
1724 0.872244
1725 0.872378
1726 0.872504
1727 0.872633
1728 0.872824
1729 0.872941
1730 0.873079
1731 0.873180
1732 0.873348
1733 0.873519
1734 0.873659
1735 0.873799
1736 0.873975
1737 0.874147
1738 0.874286
1739 0.874450
1740 0.874597
1741 0.874759
1742 0.874892
1743 0.874994
1744 0.875115
1745 0.875219
1746 0.875293
1747 0.875369
1748 0.875468
1749 0.875578
1750 0.875677
1751 0.875786
1752 0.875911
1753 0.876023
1754 0.876125
1755 0.876242
1756 0.876368
1757 0.876504
1758 0.876634
1759 0.876738
1760 0.876832
1761 0.876916
1762 0.877002
1763 0.877112
1764 0.877230
1765 0.877317
1766 0.877408
1767 0.877521
1768 0.877593
1769 0.877699
1770 0.877791
1771 0.877896
1772 0.877989
1773 0.878088
1774 0.878187
1775 0.878281
1776 0.878393
1777 0.878451
1778 0.878540
1779 0.878604
1780 0.878735
1781 0.878857
1782 0.878977
1783 0.879094
1784 0.879239
1785 0.879332
1786 0.879430
1787 0.879565
1788 0.879705
1789 0.879812
1790 0.879887
1791 0.879956
1792 0.880035
1793 0.880094
1794 0.880163
1795 0.880273
1796 0.880312
1797 0.880361
1798 0.880411
1799 0.880479
1800 0.880529
1801 0.880578
1802 0.880627
1803 0.880715
1804 0.880783
1805 0.880839
1806 0.880945
1807 0.881039
1808 0.881130
1809 0.881208
1810 0.881318
1811 0.881417
1812 0.881493
1813 0.881521
1814 0.881529
1815 0.881542
1816 0.881608
1817 0.881661
1818 0.881715
1819 0.881776
1820 0.881845
1821 0.881897
1822 0.881963
1823 0.882042
1824 0.882115
1825 0.882190
1826 0.882212
1827 0.882219
1828 0.882216
1829 0.882206
1830 0.882191
1831 0.882220
1832 0.882268
1833 0.882319
1834 0.882379
1835 0.882449
1836 0.882520
1837 0.882593
1838 0.882663
1839 0.882729
1840 0.882835
1841 0.882921
1842 0.882973
1843 0.883019
1844 0.883063
1845 0.883124
1846 0.883217
1847 0.883342
1848 0.883464
1849 0.883575
1850 0.883627
1851 0.883631
1852 0.883652
1853 0.883700
1854 0.883747
1855 0.883764
1856 0.883743
1857 0.883686
1858 0.883668
1859 0.883669
1860 0.883628
1861 0.883617
1862 0.883596
1863 0.883499
1864 0.883465
1865 0.883464
1866 0.883432
1867 0.883412
1868 0.883382
1869 0.883341
1870 0.883359
1871 0.883423
1872 0.883545
1873 0.883683
1874 0.883776
1875 0.883859
1876 0.883945
1877 0.883963
1878 0.883973
1879 0.884078
1880 0.884204
1881 0.884254
1882 0.884257
1883 0.884266
1884 0.884218
1885 0.884112
1886 0.884041
1887 0.884051
1888 0.884057
1889 0.883953
1890 0.883832
1891 0.883753
1892 0.883673
1893 0.883573
1894 0.883563
1895 0.883629
1896 0.883681
1897 0.883690
1898 0.883691
1899 0.883707
1900 0.883774
1901 0.883803
1902 0.883858
1903 0.883972
1904 0.884069
1905 0.884094
1906 0.884189
1907 0.884282
1908 0.884351
1909 0.884459
1910 0.884557
1911 0.884676
1912 0.884753
1913 0.884768
1914 0.884721
1915 0.884709
1916 0.884669
1917 0.884641
1918 0.884634
1919 0.884579
1920 0.884501
1921 0.884368
1922 0.884254
1923 0.884177
1924 0.884111
1925 0.884044
1926 0.883956
1927 0.883882
1928 0.883783
1929 0.883669
1930 0.883502
1931 0.883376
1932 0.883297
1933 0.883139
1934 0.883030
1935 0.882879
1936 0.882711
1937 0.882535
1938 0.882394
1939 0.882230
1940 0.882115
1941 0.881977
1942 0.881769
1943 0.881712
1944 0.881598
1945 0.881541
1946 0.881483
1947 0.881407
1948 0.881327
1949 0.881270
1950 0.881150
1951 0.881111
1952 0.881051
1953 0.880872
1954 0.880803
1955 0.880632
1956 0.880437
1957 0.880219
1958 0.880035
1959 0.879861
1960 0.879693
1961 0.879470
1962 0.879303
1963 0.879157
1964 0.878939
1965 0.878769
1966 0.878580
1967 0.878499
1968 0.878407
1969 0.878268
1970 0.878200
1971 0.878068
1972 0.877916
1973 0.877742
1974 0.877610
1975 0.877504
1976 0.877402
