1773
205 3.402930
206 3.287288
207 3.182172
208 3.086563
209 2.999842
210 2.922149
211 2.854618
212 2.793944
213 2.739870
214 2.691398
215 2.647655
216 2.607856
217 2.570438
218 2.534799
219 2.500408
220 2.466941
221 2.432903
222 2.398216
223 2.362189
224 2.325547
225 2.288663
226 2.249945
227 2.210886
228 2.172169
229 2.133207
230 2.093421
231 2.052519
232 2.010752
233 1.968948
234 1.927774
235 1.886535
236 1.847367
237 1.809179
238 1.770769
239 1.734448
240 1.700173
241 1.668596
242 1.639395
243 1.613472
244 1.589606
245 1.567114
246 1.545058
247 1.523284
248 1.503091
249 1.482557
250 1.462583
251 1.443212
252 1.424202
253 1.404944
254 1.385785
255 1.367432
256 1.349637
257 1.332910
258 1.317174
259 1.302252
260 1.288210
261 1.274630
262 1.261978
263 1.250299
264 1.239603
265 1.229735
266 1.221175
267 1.213715
268 1.207279
269 1.202008
270 1.197367
271 1.193457
272 1.190402
273 1.187729
274 1.185403
275 1.182939
276 1.180066
277 1.176577
278 1.172993
279 1.168950
280 1.164554
281 1.159132
282 1.152957
283 1.145850
284 1.137885
285 1.129617
286 1.120793
287 1.111619
288 1.101895
289 1.091737
290 1.081312
291 1.071829
292 1.062308
293 1.053238
294 1.044499
295 1.035916
296 1.027920
297 1.020632
298 1.014012
299 1.007951
300 1.002015
301 0.995944
302 0.990267
303 0.984257
304 0.978184
305 0.972205
306 0.966799
307 0.961638
308 0.956511
309 0.951757
310 0.947723
311 0.944070
312 0.941081
313 0.939054
314 0.937582
315 0.936830
316 0.935942
317 0.934777
318 0.934641
319 0.934557
320 0.934546
321 0.934522
322 0.934244
323 0.934276
324 0.934658
325 0.934660
326 0.935670
327 0.937593
328 0.937898
329 0.938243
330 0.939234
331 0.940994
332 0.943274
333 0.944734
334 0.946525
335 0.948505
336 0.950536
337 0.951337
338 0.952976
339 0.954161
340 0.954958
341 0.955670
342 0.954897
343 0.954182
344 0.952542
345 0.949867
346 0.945559
347 0.940725
348 0.935889
349 0.930493
350 0.923864
351 0.915961
352 0.908301
353 0.900769
354 0.892933
355 0.885642
356 0.877988
357 0.870841
358 0.862328
359 0.854488
360 0.846467
361 0.838195
362 0.829746
363 0.820804
364 0.811347
365 0.801136
366 0.790716
367 0.780008
368 0.769544
369 0.758572
370 0.747922
371 0.737359
372 0.727048
373 0.717119
374 0.707987
375 0.700116
376 0.692593
377 0.685907
378 0.679902
379 0.674468
380 0.669574
381 0.665472
382 0.661772
383 0.658145
384 0.654871
385 0.651371
386 0.648378
387 0.645352
388 0.642348
389 0.639442
390 0.636503
391 0.633439
392 0.630407
393 0.627331
394 0.624109
395 0.620819
396 0.617513
397 0.614175
398 0.610773
399 0.607347
400 0.604007
401 0.600828
402 0.597773
403 0.594992
404 0.592573
405 0.590578
406 0.589099
407 0.588318
408 0.588300
409 0.589112
410 0.590821
411 0.593507
412 0.597230
413 0.601906
414 0.607495
415 0.613946
416 0.621147
417 0.628977
418 0.637358
419 0.646126
420 0.655032
421 0.663964
422 0.672807
423 0.681456
424 0.689816
425 0.697746
426 0.705158
427 0.711976
428 0.718222
429 0.723826
430 0.728835
431 0.733270
432 0.737132
433 0.740507
434 0.743481
435 0.746184
436 0.748723
437 0.751145
438 0.753491
439 0.755836
440 0.758198
441 0.760543
442 0.762846
443 0.765081
444 0.767248
445 0.769349
446 0.771235
447 0.772984
448 0.774444
449 0.775659
450 0.776724
451 0.777604
452 0.778267
453 0.778817
454 0.779263
455 0.779628
456 0.780031
457 0.780415
458 0.780852
459 0.781405
460 0.782046
461 0.782775
462 0.783671
463 0.784770
464 0.786000
465 0.787300
466 0.788638
467 0.790049
468 0.791570
469 0.793057
470 0.794474
471 0.795828
472 0.797125
473 0.798172
474 0.799030
475 0.799769
476 0.800474
477 0.801075
478 0.801523
479 0.801799
480 0.801841
481 0.801831
482 0.801804
483 0.801824
484 0.801869
485 0.801872
486 0.801842
487 0.801859
488 0.801910
489 0.802106
490 0.802530
491 0.803049
492 0.803637
493 0.804304
494 0.805011
495 0.805853
496 0.806723
497 0.807590
498 0.808485
499 0.809383
500 0.810251
501 0.811040
502 0.811721
503 0.812367
504 0.812994
505 0.813415
506 0.813729
507 0.813964
508 0.814098
509 0.814106
510 0.814016
511 0.813961
512 0.813833
513 0.813627
514 0.813363
515 0.813167
516 0.813038
517 0.812910
518 0.812879
519 0.812929
520 0.813073
521 0.813255
522 0.813509
523 0.813891
524 0.814414
525 0.815002
526 0.815676
527 0.816449
528 0.817303
529 0.818244
530 0.819228
531 0.820279
532 0.821435
533 0.822566
534 0.823683
535 0.824799
536 0.825865
537 0.826889
538 0.827820
539 0.828622
540 0.829380
541 0.829972
542 0.830532
543 0.830944
544 0.831088
545 0.831199
546 0.831131
547 0.831006
548 0.830753
549 0.830465
550 0.830021
551 0.829600
552 0.829035
553 0.828593
554 0.828230
555 0.827902
556 0.827626
557 0.827377
558 0.827125
559 0.826879
560 0.826703
561 0.826504
562 0.826513
563 0.826537
564 0.826655
565 0.826768
566 0.826965
567 0.827347
568 0.827785
569 0.828400
570 0.829095
571 0.829922
572 0.830659
573 0.831442
574 0.832343
575 0.833237
576 0.834183
577 0.835059
578 0.835896
579 0.836682
580 0.837556
581 0.838335
582 0.839171
583 0.839902
584 0.840520
585 0.841149
586 0.841766
587 0.842182
588 0.842741
589 0.843140
590 0.843459
591 0.843695
592 0.843865
593 0.843905
594 0.843974
595 0.843915
596 0.843819
597 0.843628
598 0.843360
599 0.843134
600 0.842808
601 0.842498
602 0.842150
603 0.841918
604 0.841535
605 0.841275
606 0.841004
607 0.840904
608 0.840826
609 0.840894
610 0.841037
611 0.841229
612 0.841465
613 0.841723
614 0.842152
615 0.842541
616 0.843085
617 0.843606
618 0.844107
619 0.844501
620 0.844929
621 0.845563
622 0.846284
623 0.846947
624 0.847624
625 0.848428
626 0.849152
627 0.849957
628 0.850808
629 0.851779
630 0.852744
631 0.853505
632 0.854216
633 0.855031
634 0.855795
635 0.856548
636 0.857291
637 0.858003
638 0.858710
639 0.859288
640 0.859804
641 0.860396
642 0.861004
643 0.861577
644 0.862089
645 0.862473
646 0.862809
647 0.863061
648 0.863215
649 0.863319
650 0.863462
651 0.863482
652 0.863338
653 0.863119
654 0.862879
655 0.862593
656 0.862242
657 0.861941
658 0.861635
659 0.861324
660 0.860981
661 0.860631
662 0.860252
663 0.859901
664 0.859555
665 0.859203
666 0.858911
667 0.858596
668 0.858263
669 0.857949
670 0.857689
671 0.857443
672 0.857218
673 0.856991
674 0.856840
675 0.856759
676 0.856663
677 0.856588
678 0.856713
679 0.856892
680 0.857038
681 0.857227
682 0.857531
683 0.857922
684 0.858375
685 0.858786
686 0.859227
687 0.859799
688 0.860350
689 0.860901
690 0.861470
691 0.862152
692 0.862941
693 0.863736
694 0.864440
695 0.865270
696 0.866126
697 0.866871
698 0.867579
699 0.868287
700 0.869013
701 0.869669
702 0.870263
703 0.870920
704 0.871713
705 0.872434
706 0.873127
707 0.873801
708 0.874467
709 0.875168
710 0.875883
711 0.876591
712 0.877132
713 0.877546
714 0.877908
715 0.878241
716 0.878505
717 0.878761
718 0.878969
719 0.879134
720 0.879244
721 0.879363
722 0.879514
723 0.879567
724 0.879526
725 0.879454
726 0.879360
727 0.879226
728 0.879080
729 0.878830
730 0.878551
731 0.878199
732 0.877774
733 0.877378
734 0.876958
735 0.876500
736 0.876057
737 0.875620
738 0.875135
739 0.874647
740 0.874128
741 0.873667
742 0.873396
743 0.873018
744 0.872552
745 0.872235
746 0.871926
747 0.871612
748 0.871262
749 0.870926
750 0.870687
751 0.870401
752 0.869981
753 0.869657
754 0.869403
755 0.869097
756 0.868929
757 0.868833
758 0.868819
759 0.868787
760 0.868661
761 0.868612
762 0.868685
763 0.868972
764 0.869257
765 0.869409
766 0.869326
767 0.869378
768 0.869475
769 0.869711
770 0.870082
771 0.870432
772 0.870677
773 0.870831
774 0.871223
775 0.871672
776 0.872349
777 0.872856
778 0.873570
779 0.874259
780 0.874781
781 0.875160
782 0.875782
783 0.876338
784 0.876717
785 0.877291
786 0.877863
787 0.878486
788 0.878849
789 0.879254
790 0.879654
791 0.880327
792 0.880972
793 0.881615
794 0.882299
795 0.882985
796 0.883629
797 0.884117
798 0.884655
799 0.885024
800 0.885471
801 0.885971
802 0.886349
803 0.886620
804 0.886956
805 0.887107
806 0.887105
807 0.887324
808 0.887544
809 0.887783
810 0.887830
811 0.887879
812 0.887848
813 0.887829
814 0.887700
815 0.887757
816 0.887638
817 0.887274
818 0.886819
819 0.886720
820 0.886918
821 0.886755
822 0.886705
823 0.886652
824 0.886610
825 0.886306
826 0.886108
827 0.886163
828 0.886151
829 0.885972
830 0.885616
831 0.885485
832 0.885325
833 0.884841
834 0.884284
835 0.883975
836 0.883834
837 0.883471
838 0.883028
839 0.882801
840 0.882423
841 0.881805
842 0.880897
843 0.880961
844 0.881047
845 0.880143
846 0.879523
847 0.879384
848 0.879462
849 0.878753
850 0.878417
851 0.878552
852 0.878733
853 0.878431
854 0.877636
855 0.877497
856 0.876843
857 0.876808
858 0.876842
859 0.877335
860 0.877558
861 0.877336
862 0.877475
863 0.877425
864 0.877918
865 0.878587
866 0.879536
867 0.879391
868 0.879261
869 0.879056
870 0.879021
871 0.879087
872 0.878977
873 0.879059
874 0.879164
875 0.879234
876 0.879223
877 0.879284
878 0.879358
879 0.879414
880 0.879503
881 0.879602
882 0.879777
883 0.879871
884 0.879948
885 0.880135
886 0.880410
887 0.880658
888 0.880907
889 0.881145
890 0.881406
891 0.881676
892 0.881910
893 0.882285
894 0.882667
895 0.882948
896 0.883271
897 0.883580
898 0.883869
899 0.884257
900 0.884561
901 0.884895
902 0.885292
903 0.885570
904 0.885848
905 0.886215
906 0.886530
907 0.886923
908 0.887297
909 0.887622
910 0.887962
911 0.888290
912 0.888584
913 0.888909
914 0.889263
915 0.889572
916 0.889865
917 0.890143
918 0.890380
919 0.890683
920 0.890978
921 0.891285
922 0.891558
923 0.891799
924 0.892026
925 0.892229
926 0.892429
927 0.892654
928 0.892888
929 0.893086
930 0.893273
931 0.893428
932 0.893593
933 0.893761
934 0.893892
935 0.894062
936 0.894226
937 0.894329
938 0.894388
939 0.894437
940 0.894489
941 0.894519
942 0.894509
943 0.894493
944 0.894456
945 0.894389
946 0.894301
947 0.894234
948 0.894144
949 0.894046
950 0.893913
951 0.893791
952 0.893650
953 0.893490
954 0.893321
955 0.893150
956 0.892970
957 0.892776
958 0.892585
959 0.892382
960 0.892163
961 0.891930
962 0.891706
963 0.891463
964 0.891203
965 0.890938
966 0.890663
967 0.890384
968 0.890085
969 0.889776
970 0.889474
971 0.889166
972 0.888850
973 0.888536
974 0.888223
975 0.887904
976 0.887579
977 0.887241
978 0.886882
979 0.886521
980 0.886164
981 0.885811
982 0.885448
983 0.885094
984 0.884749
985 0.884391
986 0.884041
987 0.883683
988 0.883277
989 0.882758
990 0.882056
991 0.881277
992 0.880516
993 0.879676
994 0.878802
995 0.877980
996 0.877138
997 0.876230
998 0.875408
999 0.874879
1000 0.874498
1001 0.874011
1002 0.873529
1003 0.873213
1004 0.872817
1005 0.872417
1006 0.872237
1007 0.872129
1008 0.871953
1009 0.871523
1010 0.871150
1011 0.871193
1012 0.871321
1013 0.871253
1014 0.871126
1015 0.871013
1016 0.870809
1017 0.870763
1018 0.870875
1019 0.870979
1020 0.871010
1021 0.870873
1022 0.870683
1023 0.870735
1024 0.870946
1025 0.871059
1026 0.871073
1027 0.871024
1028 0.870924
1029 0.871040
1030 0.871285
1031 0.871399
1032 0.871437
1033 0.871508
1034 0.871610
1035 0.871760
1036 0.872013
1037 0.872263
1038 0.872419
1039 0.872450
1040 0.872562
1041 0.872870
1042 0.873130
1043 0.873225
1044 0.873453
1045 0.873771
1046 0.873892
1047 0.873953
1048 0.874119
1049 0.874456
1050 0.874722
1051 0.874806
1052 0.874964
1053 0.875288
1054 0.875560
1055 0.875801
1056 0.876052
1057 0.876306
1058 0.876563
1059 0.876826
1060 0.877068
1061 0.877416
1062 0.877832
1063 0.878050
1064 0.878184
1065 0.878313
1066 0.878644
1067 0.879052
1068 0.879438
1069 0.879698
1070 0.879863
1071 0.880013
1072 0.880251
1073 0.880618
1074 0.881011
1075 0.881414
1076 0.881610
1077 0.881732
1078 0.881962
1079 0.882218
1080 0.882527
1081 0.882850
1082 0.882965
1083 0.883011
1084 0.883192
1085 0.883425
1086 0.883763
1087 0.884116
1088 0.884380
1089 0.884496
1090 0.884602
1091 0.884791
1092 0.885098
1093 0.885419
1094 0.885604
1095 0.885693
1096 0.885695
1097 0.885693
1098 0.885655
1099 0.885834
1100 0.886017
1101 0.886135
1102 0.886230
1103 0.886324
1104 0.886390
1105 0.886463
1106 0.886622
1107 0.886777
1108 0.886946
1109 0.887004
1110 0.887066
1111 0.887096
1112 0.887120
1113 0.887124
1114 0.887130
1115 0.887128
1116 0.887102
1117 0.887100
1118 0.887076
1119 0.887065
1120 0.887018
1121 0.886986
1122 0.886933
1123 0.886895
1124 0.886733
1125 0.886565
1126 0.886511
1127 0.886421
1128 0.886307
1129 0.886176
1130 0.886055
1131 0.885908
1132 0.885735
1133 0.885568
1134 0.885389
1135 0.885210
1136 0.885020
1137 0.884855
1138 0.884678
1139 0.884487
1140 0.884300
1141 0.884116
1142 0.883949
1143 0.883740
1144 0.883654
1145 0.883564
1146 0.883383
1147 0.883172
1148 0.882925
1149 0.882705
1150 0.882477
1151 0.882239
1152 0.882011
1153 0.881792
1154 0.881561
1155 0.881326
1156 0.881059
1157 0.880658
1158 0.880401
1159 0.880119
1160 0.879811
1161 0.879514
1162 0.879193
1163 0.878890
1164 0.878582
1165 0.878255
1166 0.877918
1167 0.877725
1168 0.877436
1169 0.877162
1170 0.876917
1171 0.876632
1172 0.876368
1173 0.876071
1174 0.875781
1175 0.875507
1176 0.875248
1177 0.874980
1178 0.874720
1179 0.874439
1180 0.874115
1181 0.873818
1182 0.873502
1183 0.873206
1184 0.872912
1185 0.872629
1186 0.872372
1187 0.872088
1188 0.871794
1189 0.871514
1190 0.871264
1191 0.871017
1192 0.870803
1193 0.870547
1194 0.870317
1195 0.870084
1196 0.869836
1197 0.869625
1198 0.869456
1199 0.869337
1200 0.869146
1201 0.868969
1202 0.868768
1203 0.868594
1204 0.868294
1205 0.868009
1206 0.867828
1207 0.867683
1208 0.867459
1209 0.867185
1210 0.866981
1211 0.866761
1212 0.866542
1213 0.866348
1214 0.866286
1215 0.866228
1216 0.866055
1217 0.865854
1218 0.865712
1219 0.865597
1220 0.865477
1221 0.865369
1222 0.865285
1223 0.865203
1224 0.865113
1225 0.865027
1226 0.864968
1227 0.864904
1228 0.864860
1229 0.864801
1230 0.864764
1231 0.864750
1232 0.864734
1233 0.864730
1234 0.864730
1235 0.864721
1236 0.864721
1237 0.864732
1238 0.864734
1239 0.864766
1240 0.864849
1241 0.864845
1242 0.864838
1243 0.864827
1244 0.864847
1245 0.864889
1246 0.864974
1247 0.865007
1248 0.865039
1249 0.865041
1250 0.865016
1251 0.865062
1252 0.865139
1253 0.865228
1254 0.865294
1255 0.865345
1256 0.865354
1257 0.865412
1258 0.865479
1259 0.865564
1260 0.865650
1261 0.865748
1262 0.865858
1263 0.865957
1264 0.866076
1265 0.866250
1266 0.866449
1267 0.866608
1268 0.866788
1269 0.866970
1270 0.867155
1271 0.867346
1272 0.867520
1273 0.867709
1274 0.867879
1275 0.868046
1276 0.868270
1277 0.868495
1278 0.868641
1279 0.868779
1280 0.868923
1281 0.869050
1282 0.869168
1283 0.869279
1284 0.869476
1285 0.869627
1286 0.869647
1287 0.869748
1288 0.869933
1289 0.870106
1290 0.870334
1291 0.870553
1292 0.870725
1293 0.870907
1294 0.871026
1295 0.871148
1296 0.871337
1297 0.871504
1298 0.871670
1299 0.871854
1300 0.871986
1301 0.872146
1302 0.872374
1303 0.872600
1304 0.872825
1305 0.873052
1306 0.873276
1307 0.873498
1308 0.873776
1309 0.874034
1310 0.874258
1311 0.874472
1312 0.874680
1313 0.874893
1314 0.875104
1315 0.875354
1316 0.875579
1317 0.875765
1318 0.875907
1319 0.876078
1320 0.876276
1321 0.876469
1322 0.876662
1323 0.876855
1324 0.877056
1325 0.877205
1326 0.877357
1327 0.877553
1328 0.877750
1329 0.877910
1330 0.878149
1331 0.878343
1332 0.878487
1333 0.878610
1334 0.878708
1335 0.878820
1336 0.878943
1337 0.879128
1338 0.879245
1339 0.879228
1340 0.879173
1341 0.879206
1342 0.879257
1343 0.879286
1344 0.879308
1345 0.879291
1346 0.879245
1347 0.879123
1348 0.879052
1349 0.879128
1350 0.879157
1351 0.879139
1352 0.879161
1353 0.879037
1354 0.878834
1355 0.878825
1356 0.878743
1357 0.878788
1358 0.878876
1359 0.878796
1360 0.878700
1361 0.878594
1362 0.878493
1363 0.878553
1364 0.878723
1365 0.878735
1366 0.878857
1367 0.878859
1368 0.878800
1369 0.878908
1370 0.879231
1371 0.879592
1372 0.879951
1373 0.880146
1374 0.880187
1375 0.880314
1376 0.880543
1377 0.880797
1378 0.881063
1379 0.881287
1380 0.881273
1381 0.881226
1382 0.881157
1383 0.881252
1384 0.881482
1385 0.881612
1386 0.881594
1387 0.881537
1388 0.881481
1389 0.881455
1390 0.881477
1391 0.881468
1392 0.881475
1393 0.881483
1394 0.881483
1395 0.881460
1396 0.881453
1397 0.881221
1398 0.880946
1399 0.880681
1400 0.880412
1401 0.880350
1402 0.880271
1403 0.880168
1404 0.879888
1405 0.879827
1406 0.879767
1407 0.879751
1408 0.879745
1409 0.879879
1410 0.879783
1411 0.879673
1412 0.879581
1413 0.879498
1414 0.879390
1415 0.879082
1416 0.878968
1417 0.878906
1418 0.878947
1419 0.878838
1420 0.878905
1421 0.878779
1422 0.878639
1423 0.878474
1424 0.878499
1425 0.878516
1426 0.878359
1427 0.878258
1428 0.878050
1429 0.877820
1430 0.877615
1431 0.877384
1432 0.877167
1433 0.876931
1434 0.876698
1435 0.876252
1436 0.875791
1437 0.875332
1438 0.875109
1439 0.874893
1440 0.874676
1441 0.874479
1442 0.874232
1443 0.874003
1444 0.873798
1445 0.873767
1446 0.873738
1447 0.873728
1448 0.873484
1449 0.873189
1450 0.872713
1451 0.872455
1452 0.872207
1453 0.871968
1454 0.871694
1455 0.871441
1456 0.871178
1457 0.870932
1458 0.870679
1459 0.870438
1460 0.870393
1461 0.870141
1462 0.869889
1463 0.869454
1464 0.869199
1465 0.868927
1466 0.868642
1467 0.868363
1468 0.868073
1469 0.867841
1470 0.867602
1471 0.867365
1472 0.867150
1473 0.867093
1474 0.866890
1475 0.866706
1476 0.866530
1477 0.866151
1478 0.865793
1479 0.865398
1480 0.865035
1481 0.864840
1482 0.864650
1483 0.864483
1484 0.864271
1485 0.864062
1486 0.863857
1487 0.863859
1488 0.863799
1489 0.863578
1490 0.863370
1491 0.863149
1492 0.862912
1493 0.862679
1494 0.862444
1495 0.862206
1496 0.861977
1497 0.861752
1498 0.861590
1499 0.861612
1500 0.861521
1501 0.861143
1502 0.860947
1503 0.860761
1504 0.860520
1505 0.860175
1506 0.859999
1507 0.859814
1508 0.859643
1509 0.859398
1510 0.859116
1511 0.859120
1512 0.858951
1513 0.858778
1514 0.858600
1515 0.858372
1516 0.858034
1517 0.857862
1518 0.857679
1519 0.857581
1520 0.857536
1521 0.857217
1522 0.856880
1523 0.856541
1524 0.856364
1525 0.856514
1526 0.856607
1527 0.856525
1528 0.856444
1529 0.856341
1530 0.856292
1531 0.856339
1532 0.856282
1533 0.856149
1534 0.855920
1535 0.855610
1536 0.855427
1537 0.855246
1538 0.855073
1539 0.854932
1540 0.854789
1541 0.854676
1542 0.854692
1543 0.854807
1544 0.854942
1545 0.854997
1546 0.854931
1547 0.854876
1548 0.854891
1549 0.855063
1550 0.855367
1551 0.855772
1552 0.856182
1553 0.856592
1554 0.857009
1555 0.857425
1556 0.857846
1557 0.858294
1558 0.858670
1559 0.858875
1560 0.858960
1561 0.858962
1562 0.858955
1563 0.858944
1564 0.858922
1565 0.858911
1566 0.858899
1567 0.858876
1568 0.858861
1569 0.858856
1570 0.858844
1571 0.858832
1572 0.858818
1573 0.858810
1574 0.858801
1575 0.858810
1576 0.858848
1577 0.858895
1578 0.858933
1579 0.858968
1580 0.859006
1581 0.859055
1582 0.859108
1583 0.859160
1584 0.859216
1585 0.859243
1586 0.859251
1587 0.859273
1588 0.859314
1589 0.859364
1590 0.859409
1591 0.859452
1592 0.859504
1593 0.859566
1594 0.859634
1595 0.859722
1596 0.859806
1597 0.859878
1598 0.859943
1599 0.860001
1600 0.860077
1601 0.860162
1602 0.860241
1603 0.860316
1604 0.860400
1605 0.860491
1606 0.860574
1607 0.860661
1608 0.860727
1609 0.860818
1610 0.860906
1611 0.860980
1612 0.861069
1613 0.861175
1614 0.861264
1615 0.861362
1616 0.861474
1617 0.861584
1618 0.861715
1619 0.861841
1620 0.861964
1621 0.862069
1622 0.862158
1623 0.862251
1624 0.862359
1625 0.862457
1626 0.862559
1627 0.862672
1628 0.862777
1629 0.862860
1630 0.862946
1631 0.863085
1632 0.863209
1633 0.863332
1634 0.863459
1635 0.863583
1636 0.863701
1637 0.863820
1638 0.863930
1639 0.864082
1640 0.864224
1641 0.864359
1642 0.864518
1643 0.864656
1644 0.864785
1645 0.864930
1646 0.865067
1647 0.865204
1648 0.865342
1649 0.865471
1650 0.865611
1651 0.865754
1652 0.865873
1653 0.866007
1654 0.866174
1655 0.866325
1656 0.866474
1657 0.866619
1658 0.866761
1659 0.866908
1660 0.867045
1661 0.867127
1662 0.867247
1663 0.867362
1664 0.867427
1665 0.867475
1666 0.867546
1667 0.867627
1668 0.867722
1669 0.867796
1670 0.867840
1671 0.867923
1672 0.867968
1673 0.868041
1674 0.868121
1675 0.868250
1676 0.868359
1677 0.868481
1678 0.868599
1679 0.868730
1680 0.868894
1681 0.869073
1682 0.869266
1683 0.869447
1684 0.869610
1685 0.869794
1686 0.869966
1687 0.870161
1688 0.870375
1689 0.870602
1690 0.870804
1691 0.871036
1692 0.871245
1693 0.871474
1694 0.871748
1695 0.871998
1696 0.872265
1697 0.872551
1698 0.872818
1699 0.873053
1700 0.873351
1701 0.873608
1702 0.873942
1703 0.874237
1704 0.874500
1705 0.874769
1706 0.875021
1707 0.875253
1708 0.875470
1709 0.875713
1710 0.875914
1711 0.876109
1712 0.876202
1713 0.876358
1714 0.876551
1715 0.876734
1716 0.876928
1717 0.877093
1718 0.877248
1719 0.877406
1720 0.877538
1721 0.877714
1722 0.877923
1723 0.878043
1724 0.878161
1725 0.878310
1726 0.878424
1727 0.878530
1728 0.878658
1729 0.878783
1730 0.878941
1731 0.879032
1732 0.879162
1733 0.879315
1734 0.879473
1735 0.879571
1736 0.879708
1737 0.879867
1738 0.879999
1739 0.880103
1740 0.880241
1741 0.880392
1742 0.880489
1743 0.880582
1744 0.880648
1745 0.880743
1746 0.880815
1747 0.880823
1748 0.880878
1749 0.880955
1750 0.880993
1751 0.881065
1752 0.881181
1753 0.881297
1754 0.881413
1755 0.881518
1756 0.881627
1757 0.881784
1758 0.881916
1759 0.882036
1760 0.882125
1761 0.882196
1762 0.882266
1763 0.882315
1764 0.882360
1765 0.882424
1766 0.882489
1767 0.882555
1768 0.882617
1769 0.882675
1770 0.882763
1771 0.882823
1772 0.882852
1773 0.882905
1774 0.882970
1775 0.883010
1776 0.883060
1777 0.883101
1778 0.883146
1779 0.883190
1780 0.883226
1781 0.883265
1782 0.883315
1783 0.883392
1784 0.883476
1785 0.883529
1786 0.883613
1787 0.883704
1788 0.883762
1789 0.883819
1790 0.883878
1791 0.883936
1792 0.884001
1793 0.884031
1794 0.884065
1795 0.884128
1796 0.884125
1797 0.884104
1798 0.884126
1799 0.884146
1800 0.884156
1801 0.884174
1802 0.884180
1803 0.884212
1804 0.884236
1805 0.884245
1806 0.884267
1807 0.884287
1808 0.884300
1809 0.884325
1810 0.884373
1811 0.884431
1812 0.884467
1813 0.884441
1814 0.884398
1815 0.884351
1816 0.884300
1817 0.884268
1818 0.884254
1819 0.884243
1820 0.884221
1821 0.884209
1822 0.884190
1823 0.884203
1824 0.884243
1825 0.884297
1826 0.884346
1827 0.884355
1828 0.884323
1829 0.884277
1830 0.884239
1831 0.884209
1832 0.884233
1833 0.884232
1834 0.884185
1835 0.884135
1836 0.884123
1837 0.884118
1838 0.884131
1839 0.884140
1840 0.884159
1841 0.884142
1842 0.884107
1843 0.884121
1844 0.884160
1845 0.884193
1846 0.884193
1847 0.884230
1848 0.884246
1849 0.884232
1850 0.884185
1851 0.884118
1852 0.884063
1853 0.883987
1854 0.883886
1855 0.883823
1856 0.883786
1857 0.883671
1858 0.883603
1859 0.883567
1860 0.883489
1861 0.883420
1862 0.883318
1863 0.883218
1864 0.883182
1865 0.883083
1866 0.882947
1867 0.882874
1868 0.882779
1869 0.882631
1870 0.882549
1871 0.882513
1872 0.882522
1873 0.882506
1874 0.882464
1875 0.882436
1876 0.882430
1877 0.882366
1878 0.882294
1879 0.882335
1880 0.882414
1881 0.882444
1882 0.882427
1883 0.882414
1884 0.882354
1885 0.882269
1886 0.882172
1887 0.882107
1888 0.882108
1889 0.882034
1890 0.881876
1891 0.881719
1892 0.881596
1893 0.881474
1894 0.881386
1895 0.881325
1896 0.881266
1897 0.881190
1898 0.881044
1899 0.880947
1900 0.880929
1901 0.880899
1902 0.880860
1903 0.880806
1904 0.880812
1905 0.880784
1906 0.880814
1907 0.880844
1908 0.880873
1909 0.880851
1910 0.880802
1911 0.880822
1912 0.880804
1913 0.880753
1914 0.880649
1915 0.880603
1916 0.880542
1917 0.880473
1918 0.880413
1919 0.880323
1920 0.880249
1921 0.880104
1922 0.879948
1923 0.879866
1924 0.879817
1925 0.879676
1926 0.879520
1927 0.879437
1928 0.879309
1929 0.879195
1930 0.879046
1931 0.878898
1932 0.878811
1933 0.878688
1934 0.878515
1935 0.878352
1936 0.878196
1937 0.878004
1938 0.877847
1939 0.877663
1940 0.877519
1941 0.877308
1942 0.877111
1943 0.876951
1944 0.876806
1945 0.876723
1946 0.876610
1947 0.876437
1948 0.876287
1949 0.876156
1950 0.876031
1951 0.875967
1952 0.875883
1953 0.875726
1954 0.875606
1955 0.875367
1956 0.875136
1957 0.874966
1958 0.874817
1959 0.874660
1960 0.874456
1961 0.874288
1962 0.874070
1963 0.873872
1964 0.873721
1965 0.873618
1966 0.873452
1967 0.873305
1968 0.873106
1969 0.872937
1970 0.872838
1971 0.872667
1972 0.872544
1973 0.872396
1974 0.872223
1975 0.872099
1976 0.872000
