1767
208 3.146740
209 3.057809
210 2.977415
211 2.904173
212 2.837817
213 2.778192
214 2.724307
215 2.674513
216 2.628213
217 2.585069
218 2.544428
219 2.506259
220 2.468924
221 2.432536
222 2.396381
223 2.360396
224 2.324475
225 2.288037
226 2.251140
227 2.213618
228 2.174844
229 2.134788
230 2.094284
231 2.054026
232 2.013565
233 1.973655
234 1.934586
235 1.895329
236 1.857735
237 1.821196
238 1.785651
239 1.751669
240 1.718965
241 1.687506
242 1.657484
243 1.629039
244 1.602113
245 1.576637
246 1.552656
247 1.529679
248 1.508067
249 1.486682
250 1.466023
251 1.446826
252 1.428250
253 1.410049
254 1.392599
255 1.375510
256 1.358694
257 1.342277
258 1.326311
259 1.311003
260 1.296892
261 1.283969
262 1.271889
263 1.260773
264 1.250537
265 1.241467
266 1.233248
267 1.225850
268 1.218818
269 1.212806
270 1.207186
271 1.202243
272 1.197637
273 1.193502
274 1.189490
275 1.185668
276 1.181861
277 1.177814
278 1.173414
279 1.168549
280 1.163060
281 1.157009
282 1.150646
283 1.143602
284 1.136280
285 1.128244
286 1.120047
287 1.111372
288 1.102702
289 1.093634
290 1.084787
291 1.075963
292 1.067153
293 1.058501
294 1.050262
295 1.042368
296 1.034990
297 1.027756
298 1.020619
299 1.013909
300 1.007259
301 1.000814
302 0.994395
303 0.988693
304 0.983222
305 0.978232
306 0.973376
307 0.968968
308 0.964941
309 0.961184
310 0.957710
311 0.954299
312 0.951028
313 0.948066
314 0.945639
315 0.943777
316 0.942409
317 0.941291
318 0.940677
319 0.939863
320 0.939229
321 0.939004
322 0.939139
323 0.940065
324 0.939881
325 0.939984
326 0.940093
327 0.940705
328 0.941195
329 0.942562
330 0.943716
331 0.945299
332 0.946749
333 0.948355
334 0.949670
335 0.951281
336 0.952367
337 0.953286
338 0.953951
339 0.953339
340 0.953603
341 0.953234
342 0.952035
343 0.950216
344 0.947780
345 0.944493
346 0.940771
347 0.935800
348 0.930598
349 0.924909
350 0.919266
351 0.913048
352 0.906992
353 0.900328
354 0.892937
355 0.885707
356 0.878169
357 0.870197
358 0.862102
359 0.853696
360 0.845705
361 0.836981
362 0.827883
363 0.818615
364 0.809231
365 0.799740
366 0.790069
367 0.780195
368 0.769960
369 0.759492
370 0.749324
371 0.739366
372 0.729911
373 0.721096
374 0.712977
375 0.705281
376 0.697644
377 0.690698
378 0.684537
379 0.678989
380 0.673734
381 0.668969
382 0.664448
383 0.660305
384 0.656566
385 0.653390
386 0.650369
387 0.647398
388 0.644148
389 0.640869
390 0.637622
391 0.634308
392 0.631060
393 0.627852
394 0.624513
395 0.621165
396 0.617908
397 0.614648
398 0.611369
399 0.608180
400 0.605147
401 0.602258
402 0.599604
403 0.597249
404 0.595285
405 0.593723
406 0.592676
407 0.592224
408 0.592391
409 0.593321
410 0.595037
411 0.597507
412 0.600753
413 0.604777
414 0.609597
415 0.615147
416 0.621329
417 0.628052
418 0.635226
419 0.642700
420 0.650358
421 0.658168
422 0.665976
423 0.673693
424 0.681224
425 0.688422
426 0.695370
427 0.702034
428 0.708297
429 0.714130
430 0.719527
431 0.724568
432 0.729230
433 0.733550
434 0.737563
435 0.741328
436 0.744840
437 0.748063
438 0.751030
439 0.753781
440 0.756276
441 0.758569
442 0.760615
443 0.762421
444 0.764102
445 0.765621
446 0.766980
447 0.768224
448 0.769406
449 0.770526
450 0.771624
451 0.772702
452 0.773834
453 0.775031
454 0.776309
455 0.777608
456 0.778992
457 0.780430
458 0.781902
459 0.783339
460 0.784695
461 0.786026
462 0.787294
463 0.788422
464 0.789431
465 0.790364
466 0.791185
467 0.791909
468 0.792530
469 0.793059
470 0.793512
471 0.793950
472 0.794428
473 0.794965
474 0.795555
475 0.796276
476 0.797066
477 0.797854
478 0.798686
479 0.799615
480 0.800621
481 0.801637
482 0.802665
483 0.803692
484 0.804688
485 0.805631
486 0.806561
487 0.807419
488 0.808136
489 0.808690
490 0.809054
491 0.809239
492 0.809313
493 0.809320
494 0.809234
495 0.809048
496 0.808758
497 0.808438
498 0.808062
499 0.807660
500 0.807316
501 0.807050
502 0.806799
503 0.806635
504 0.806564
505 0.806605
506 0.806827
507 0.807199
508 0.807720
509 0.808343
510 0.809101
511 0.809937
512 0.810884
513 0.811901
514 0.812993
515 0.814156
516 0.815298
517 0.816413
518 0.817531
519 0.818583
520 0.819573
521 0.820481
522 0.821274
523 0.821914
524 0.822421
525 0.822848
526 0.823176
527 0.823361
528 0.823440
529 0.823451
530 0.823382
531 0.823225
532 0.822976
533 0.822716
534 0.822415
535 0.822129
536 0.821834
537 0.821571
538 0.821341
539 0.821243
540 0.821167
541 0.821152
542 0.821241
543 0.821453
544 0.821745
545 0.822093
546 0.822555
547 0.823072
548 0.823717
549 0.824398
550 0.825182
551 0.826022
552 0.826898
553 0.827797
554 0.828738
555 0.829613
556 0.830503
557 0.831333
558 0.832051
559 0.832759
560 0.833450
561 0.834036
562 0.834518
563 0.834969
564 0.835336
565 0.835582
566 0.835741
567 0.835798
568 0.835801
569 0.835714
570 0.835522
571 0.835369
572 0.835147
573 0.834924
574 0.834744
575 0.834452
576 0.834129
577 0.833881
578 0.833624
579 0.833376
580 0.833197
581 0.833066
582 0.832954
583 0.832936
584 0.832908
585 0.833033
586 0.833242
587 0.833484
588 0.833853
589 0.834252
590 0.834678
591 0.835263
592 0.835914
593 0.836598
594 0.837325
595 0.838110
596 0.838890
597 0.839784
598 0.840685
599 0.841570
600 0.842557
601 0.843432
602 0.844325
603 0.845203
604 0.846014
605 0.846829
606 0.847667
607 0.848420
608 0.849079
609 0.849689
610 0.850263
611 0.850752
612 0.851150
613 0.851491
614 0.851786
615 0.851972
616 0.852032
617 0.852077
618 0.852091
619 0.852029
620 0.851921
621 0.851744
622 0.851535
623 0.851265
624 0.851024
625 0.850811
626 0.850580
627 0.850325
628 0.850073
629 0.849801
630 0.849591
631 0.849372
632 0.849213
633 0.849103
634 0.849008
635 0.848922
636 0.848904
637 0.849004
638 0.849094
639 0.849302
640 0.849527
641 0.849753
642 0.850035
643 0.850376
644 0.850838
645 0.851308
646 0.851829
647 0.852491
648 0.853168
649 0.853848
650 0.854553
651 0.855336
652 0.856159
653 0.856906
654 0.857713
655 0.858509
656 0.859361
657 0.860262
658 0.861174
659 0.862086
660 0.862926
661 0.863769
662 0.864557
663 0.865237
664 0.865925
665 0.866611
666 0.867232
667 0.867784
668 0.868273
669 0.868778
670 0.869232
671 0.869668
672 0.870007
673 0.870199
674 0.870316
675 0.870455
676 0.870583
677 0.870692
678 0.870693
679 0.870691
680 0.870613
681 0.870496
682 0.870307
683 0.870082
684 0.869902
685 0.869722
686 0.869472
687 0.869167
688 0.868846
689 0.868539
690 0.868278
691 0.867945
692 0.867585
693 0.867244
694 0.866941
695 0.866643
696 0.866382
697 0.866114
698 0.865877
699 0.865707
700 0.865560
701 0.865486
702 0.865418
703 0.865351
704 0.865385
705 0.865480
706 0.865556
707 0.865696
708 0.865850
709 0.865970
710 0.866135
711 0.866401
712 0.866773
713 0.867223
714 0.867716
715 0.868203
716 0.868701
717 0.869217
718 0.869781
719 0.870338
720 0.870860
721 0.871396
722 0.872011
723 0.872679
724 0.873391
725 0.874161
726 0.874924
727 0.875728
728 0.876492
729 0.877220
730 0.877961
731 0.878687
732 0.879345
733 0.880025
734 0.880721
735 0.881434
736 0.882102
737 0.882797
738 0.883439
739 0.884119
740 0.884704
741 0.885149
742 0.885638
743 0.886078
744 0.886444
745 0.886731
746 0.887003
747 0.887325
748 0.887655
749 0.887888
750 0.888027
751 0.888099
752 0.888210
753 0.888279
754 0.888327
755 0.888188
756 0.888062
757 0.887992
758 0.887839
759 0.887671
760 0.887608
761 0.887423
762 0.887162
763 0.886791
764 0.886391
765 0.886061
766 0.885668
767 0.885336
768 0.884948
769 0.884549
770 0.884071
771 0.883729
772 0.883375
773 0.883010
774 0.882613
775 0.882228
776 0.881838
777 0.881477
778 0.881005
779 0.880636
780 0.880287
781 0.879870
782 0.879564
783 0.879309
784 0.879099
785 0.878907
786 0.878735
787 0.878491
788 0.878274
789 0.878228
790 0.878292
791 0.878302
792 0.878128
793 0.878102
794 0.878364
795 0.878571
796 0.878723
797 0.878777
798 0.878935
799 0.879062
800 0.879224
801 0.879403
802 0.879749
803 0.879997
804 0.880321
805 0.880570
806 0.880714
807 0.880888
808 0.881295
809 0.881808
810 0.882143
811 0.882626
812 0.883147
813 0.883633
814 0.883991
815 0.884268
816 0.884853
817 0.885439
818 0.885898
819 0.886525
820 0.887123
821 0.887753
822 0.888229
823 0.888827
824 0.889407
825 0.889873
826 0.890462
827 0.891048
828 0.891562
829 0.892334
830 0.892935
831 0.893727
832 0.894308
833 0.894801
834 0.895294
835 0.895667
836 0.896120
837 0.896607
838 0.897022
839 0.897336
840 0.897659
841 0.898234
842 0.898489
843 0.898496
844 0.898842
845 0.899335
846 0.899756
847 0.899928
848 0.899767
849 0.899670
850 0.899871
851 0.899859
852 0.899866
853 0.899328
854 0.899646
855 0.899945
856 0.900062
857 0.899937
858 0.900040
859 0.900194
860 0.900018
861 0.899583
862 0.899386
863 0.899344
864 0.899412
865 0.899490
866 0.899235
867 0.899194
868 0.899019
869 0.899281
870 0.898928
871 0.898564
872 0.898178
873 0.897773
874 0.897396
875 0.896992
876 0.896695
877 0.896328
878 0.895964
879 0.895572
880 0.895162
881 0.894747
882 0.894354
883 0.894039
884 0.893676
885 0.893321
886 0.892948
887 0.892610
888 0.892309
889 0.892000
890 0.891683
891 0.891429
892 0.891096
893 0.890824
894 0.890554
895 0.890290
896 0.890075
897 0.889853
898 0.889656
899 0.889430
900 0.889256
901 0.889093
902 0.888955
903 0.888759
904 0.888624
905 0.888533
906 0.888437
907 0.888393
908 0.888374
909 0.888355
910 0.888359
911 0.888383
912 0.888445
913 0.888534
914 0.888637
915 0.888742
916 0.888873
917 0.889003
918 0.889181
919 0.889387
920 0.889577
921 0.889756
922 0.889992
923 0.890217
924 0.890472
925 0.890754
926 0.891065
927 0.891375
928 0.891690
929 0.892000
930 0.892324
931 0.892670
932 0.893020
933 0.893390
934 0.893742
935 0.894103
936 0.894489
937 0.894884
938 0.895274
939 0.895655
940 0.896038
941 0.896392
942 0.896758
943 0.897128
944 0.897513
945 0.897907
946 0.898294
947 0.898667
948 0.899037
949 0.899390
950 0.899767
951 0.900133
952 0.900490
953 0.900842
954 0.901193
955 0.901547
956 0.901900
957 0.902264
958 0.902612
959 0.902939
960 0.903249
961 0.903532
962 0.903822
963 0.904103
964 0.904374
965 0.904625
966 0.904855
967 0.905089
968 0.905305
969 0.905493
970 0.905657
971 0.905801
972 0.905929
973 0.906045
974 0.906156
975 0.906251
976 0.906323
977 0.906388
978 0.906439
979 0.906474
980 0.906495
981 0.906506
982 0.906494
983 0.906448
984 0.906386
985 0.906275
986 0.906072
987 0.905742
988 0.905351
989 0.904944
990 0.904470
991 0.903970
992 0.903483
993 0.902905
994 0.902239
995 0.901603
996 0.901067
997 0.900507
998 0.899815
999 0.899124
1000 0.898484
1001 0.897794
1002 0.897180
1003 0.896718
1004 0.896293
1005 0.895851
1006 0.895450
1007 0.895058
1008 0.894633
1009 0.894269
1010 0.893955
1011 0.893591
1012 0.893113
1013 0.892646
1014 0.892305
1015 0.891954
1016 0.891549
1017 0.891283
1018 0.890995
1019 0.890628
1020 0.890257
1021 0.889867
1022 0.889477
1023 0.889090
1024 0.888729
1025 0.888386
1026 0.888113
1027 0.887809
1028 0.887472
1029 0.887132
1030 0.886870
1031 0.886592
1032 0.886285
1033 0.885971
1034 0.885710
1035 0.885424
1036 0.885128
1037 0.884927
1038 0.884703
1039 0.884453
1040 0.884204
1041 0.884010
1042 0.883794
1043 0.883548
1044 0.883320
1045 0.883116
1046 0.882920
1047 0.882772
1048 0.882600
1049 0.882350
1050 0.882158
1051 0.882070
1052 0.882016
1053 0.881829
1054 0.881658
1055 0.881525
1056 0.881469
1057 0.881396
1058 0.881303
1059 0.881294
1060 0.881266
1061 0.881215
1062 0.881096
1063 0.881028
1064 0.881066
1065 0.881135
1066 0.881071
1067 0.880967
1068 0.880893
1069 0.880972
1070 0.881105
1071 0.881251
1072 0.881280
1073 0.881270
1074 0.881268
1075 0.881342
1076 0.881502
1077 0.881691
1078 0.881900
1079 0.881990
1080 0.882048
1081 0.882205
1082 0.882464
1083 0.882753
1084 0.883015
1085 0.883168
1086 0.883283
1087 0.883413
1088 0.883667
1089 0.883973
1090 0.884279
1091 0.884516
1092 0.884739
1093 0.884925
1094 0.885116
1095 0.885378
1096 0.885730
1097 0.886017
1098 0.886284
1099 0.886548
1100 0.886836
1101 0.887158
1102 0.887511
1103 0.887858
1104 0.888144
1105 0.888404
1106 0.888690
1107 0.888980
1108 0.889299
1109 0.889665
1110 0.890024
1111 0.890379
1112 0.890663
1113 0.890935
1114 0.891215
1115 0.891500
1116 0.891786
1117 0.892080
1118 0.892385
1119 0.892692
1120 0.893009
1121 0.893236
1122 0.893446
1123 0.893732
1124 0.894005
1125 0.894278
1126 0.894557
1127 0.894844
1128 0.895124
1129 0.895386
1130 0.895626
1131 0.895791
1132 0.895952
1133 0.896174
1134 0.896379
1135 0.896584
1136 0.896758
1137 0.897016
1138 0.897267
1139 0.897443
1140 0.897603
1141 0.897746
1142 0.897872
1143 0.897942
1144 0.898070
1145 0.898171
1146 0.898290
1147 0.898466
1148 0.898636
1149 0.898749
1150 0.898851
1151 0.898931
1152 0.899012
1153 0.899009
1154 0.898998
1155 0.899030
1156 0.899041
1157 0.899061
1158 0.899086
1159 0.899137
1160 0.899127
1161 0.899123
1162 0.899074
1163 0.899029
1164 0.898975
1165 0.898889
1166 0.898792
1167 0.898702
1168 0.898610
1169 0.898582
1170 0.898560
1171 0.898468
1172 0.898369
1173 0.898251
1174 0.898110
1175 0.897969
1176 0.897810
1177 0.897660
1178 0.897506
1179 0.897341
1180 0.897153
1181 0.896962
1182 0.896766
1183 0.896574
1184 0.896354
1185 0.896123
1186 0.895873
1187 0.895621
1188 0.895382
1189 0.895126
1190 0.894860
1191 0.894602
1192 0.894339
1193 0.894056
1194 0.893770
1195 0.893468
1196 0.893162
1197 0.892855
1198 0.892545
1199 0.892220
1200 0.891895
1201 0.891507
1202 0.891155
1203 0.890789
1204 0.890409
1205 0.890053
1206 0.889694
1207 0.889319
1208 0.888947
1209 0.888581
1210 0.888210
1211 0.887846
1212 0.887492
1213 0.887120
1214 0.886750
1215 0.886376
1216 0.886014
1217 0.885712
1218 0.885339
1219 0.884945
1220 0.884602
1221 0.884243
1222 0.883888
1223 0.883541
1224 0.883192
1225 0.882845
1226 0.882509
1227 0.882163
1228 0.881822
1229 0.881489
1230 0.881162
1231 0.880831
1232 0.880503
1233 0.880171
1234 0.879880
1235 0.879628
1236 0.879333
1237 0.879031
1238 0.878719
1239 0.878401
1240 0.878085
1241 0.877789
1242 0.877498
1243 0.877225
1244 0.876945
1245 0.876672
1246 0.876393
1247 0.876124
1248 0.875857
1249 0.875603
1250 0.875356
1251 0.875108
1252 0.874857
1253 0.874609
1254 0.874370
1255 0.874142
1256 0.873930
1257 0.873716
1258 0.873500
1259 0.873287
1260 0.873072
1261 0.872871
1262 0.872683
1263 0.872512
1264 0.872355
1265 0.872207
1266 0.872062
1267 0.871920
1268 0.871786
1269 0.871670
1270 0.871574
1271 0.871481
1272 0.871378
1273 0.871279
1274 0.871197
1275 0.871109
1276 0.871030
1277 0.870958
1278 0.870879
1279 0.870797
1280 0.870716
1281 0.870638
1282 0.870555
1283 0.870480
1284 0.870415
1285 0.870352
1286 0.870297
1287 0.870310
1288 0.870327
1289 0.870316
1290 0.870307
1291 0.870279
1292 0.870262
1293 0.870277
1294 0.870299
1295 0.870329
1296 0.870364
1297 0.870405
1298 0.870468
1299 0.870541
1300 0.870617
1301 0.870708
1302 0.870796
1303 0.870829
1304 0.870870
1305 0.870952
1306 0.871047
1307 0.871196
1308 0.871340
1309 0.871467
1310 0.871613
1311 0.871773
1312 0.871940
1313 0.872102
1314 0.872248
1315 0.872404
1316 0.872566
1317 0.872727
1318 0.872894
1319 0.873070
1320 0.873271
1321 0.873480
1322 0.873673
1323 0.873854
1324 0.874043
1325 0.874246
1326 0.874430
1327 0.874657
1328 0.874846
1329 0.875015
1330 0.875200
1331 0.875372
1332 0.875481
1333 0.875613
1334 0.875829
1335 0.876017
1336 0.876085
1337 0.876202
1338 0.876370
1339 0.876539
1340 0.876702
1341 0.876855
1342 0.877000
1343 0.877089
1344 0.877228
1345 0.877423
1346 0.877612
1347 0.877804
1348 0.878062
1349 0.878311
1350 0.878488
1351 0.878579
1352 0.878837
1353 0.879095
1354 0.879324
1355 0.879566
1356 0.879695
1357 0.879803
1358 0.879927
1359 0.880062
1360 0.880204
1361 0.880432
1362 0.880711
1363 0.881018
1364 0.881308
1365 0.881596
1366 0.881877
1367 0.882285
1368 0.882642
1369 0.882956
1370 0.883155
1371 0.883359
1372 0.883759
1373 0.884185
1374 0.884609
1375 0.885044
1376 0.885451
1377 0.885739
1378 0.885987
1379 0.886213
1380 0.886453
1381 0.886680
1382 0.886895
1383 0.887106
1384 0.887310
1385 0.887510
1386 0.887816
1387 0.888121
1388 0.888343
1389 0.888582
1390 0.888804
1391 0.889031
1392 0.889256
1393 0.889484
1394 0.889688
1395 0.889897
1396 0.889965
1397 0.890048
1398 0.890244
1399 0.890429
1400 0.890612
1401 0.890796
1402 0.891102
1403 0.891296
1404 0.891343
1405 0.891367
1406 0.891504
1407 0.891606
1408 0.891708
1409 0.891841
1410 0.891985
1411 0.892092
1412 0.892237
1413 0.892467
1414 0.892567
1415 0.892688
1416 0.892791
1417 0.892876
1418 0.892818
1419 0.892869
1420 0.893032
1421 0.893181
1422 0.893234
1423 0.893295
1424 0.893337
1425 0.893346
1426 0.893346
1427 0.893363
1428 0.893444
1429 0.893433
1430 0.893433
1431 0.893391
1432 0.893210
1433 0.893034
1434 0.892836
1435 0.892762
1436 0.892698
1437 0.892639
1438 0.892548
1439 0.892453
1440 0.892366
1441 0.892288
1442 0.892180
1443 0.892083
1444 0.891996
1445 0.891886
1446 0.891752
1447 0.891502
1448 0.891511
1449 0.891514
1450 0.891533
1451 0.891400
1452 0.891278
1453 0.891119
1454 0.890864
1455 0.890714
1456 0.890550
1457 0.890377
1458 0.890226
1459 0.890057
1460 0.889766
1461 0.889591
1462 0.889424
1463 0.889367
1464 0.889177
1465 0.888981
1466 0.888778
1467 0.888585
1468 0.888389
1469 0.888221
1470 0.888154
1471 0.887976
1472 0.887808
1473 0.887608
1474 0.887280
1475 0.886938
1476 0.886712
1477 0.886355
1478 0.886037
1479 0.885852
1480 0.885650
1481 0.885438
1482 0.885225
1483 0.884983
1484 0.884721
1485 0.884423
1486 0.884015
1487 0.883624
1488 0.883320
1489 0.883040
1490 0.882886
1491 0.882748
1492 0.882577
1493 0.882334
1494 0.882162
1495 0.881864
1496 0.881586
1497 0.881278
1498 0.880896
1499 0.880650
1500 0.880404
1501 0.880147
1502 0.879886
1503 0.879620
1504 0.879363
1505 0.879105
1506 0.878798
1507 0.878371
1508 0.878015
1509 0.877849
1510 0.877574
1511 0.877247
1512 0.876801
1513 0.876429
1514 0.876234
1515 0.875930
1516 0.875643
1517 0.875351
1518 0.875087
1519 0.874799
1520 0.874413
1521 0.874017
1522 0.873707
1523 0.873595
1524 0.873449
1525 0.873198
1526 0.872942
1527 0.872731
1528 0.872597
1529 0.872351
1530 0.871949
1531 0.871515
1532 0.871077
1533 0.870678
1534 0.870403
1535 0.870214
1536 0.870031
1537 0.869842
1538 0.869613
1539 0.869303
1540 0.868991
1541 0.868664
1542 0.868349
1543 0.868042
1544 0.867762
1545 0.867611
1546 0.867632
1547 0.867749
1548 0.867914
1549 0.868104
1550 0.868262
1551 0.868331
1552 0.868400
1553 0.868482
1554 0.868563
1555 0.868638
1556 0.868720
1557 0.868815
1558 0.868906
1559 0.868990
1560 0.869077
1561 0.869105
1562 0.869020
1563 0.868864
1564 0.868672
1565 0.868469
1566 0.868262
1567 0.868058
1568 0.867850
1569 0.867630
1570 0.867422
1571 0.867211
1572 0.867002
1573 0.866804
1574 0.866615
1575 0.866438
1576 0.866266
1577 0.866099
1578 0.865943
1579 0.865787
1580 0.865624
1581 0.865450
1582 0.865275
1583 0.865107
1584 0.864959
1585 0.864824
1586 0.864671
1587 0.864522
1588 0.864380
1589 0.864232
1590 0.864090
1591 0.863935
1592 0.863780
1593 0.863630
1594 0.863471
1595 0.863325
1596 0.863183
1597 0.863047
1598 0.862929
1599 0.862816
1600 0.862696
1601 0.862561
1602 0.862449
1603 0.862348
1604 0.862248
1605 0.862143
1606 0.862037
1607 0.861943
1608 0.861856
1609 0.861779
1610 0.861717
1611 0.861649
1612 0.861580
1613 0.861503
1614 0.861426
1615 0.861349
1616 0.861260
1617 0.861195
1618 0.861132
1619 0.861071
1620 0.861021
1621 0.860959
1622 0.860906
1623 0.860860
1624 0.860816
1625 0.860766
1626 0.860710
1627 0.860647
1628 0.860592
1629 0.860557
1630 0.860537
1631 0.860509
1632 0.860498
1633 0.860480
1634 0.860465
1635 0.860443
1636 0.860421
1637 0.860416
1638 0.860415
1639 0.860403
1640 0.860399
1641 0.860405
1642 0.860431
1643 0.860455
1644 0.860486
1645 0.860514
1646 0.860534
1647 0.860547
1648 0.860581
1649 0.860619
1650 0.860658
1651 0.860707
1652 0.860749
1653 0.860800
1654 0.860842
1655 0.860896
1656 0.860954
1657 0.860990
1658 0.861005
1659 0.861031
1660 0.861065
1661 0.861083
1662 0.861120
1663 0.861156
1664 0.861170
1665 0.861180
1666 0.861200
1667 0.861196
1668 0.861195
1669 0.861192
1670 0.861213
1671 0.861232
1672 0.861258
1673 0.861270
1674 0.861313
1675 0.861342
1676 0.861392
1677 0.861468
1678 0.861543
1679 0.861620
1680 0.861717
1681 0.861818
1682 0.861920
1683 0.862047
1684 0.862209
1685 0.862363
1686 0.862525
1687 0.862687
1688 0.862860
1689 0.863065
1690 0.863254
1691 0.863458
1692 0.863660
1693 0.863851
1694 0.864075
1695 0.864332
1696 0.864566
1697 0.864807
1698 0.865064
1699 0.865351
1700 0.865611
1701 0.865859
1702 0.866107
1703 0.866360
1704 0.866601
1705 0.866852
1706 0.867124
1707 0.867403
1708 0.867659
1709 0.867907
1710 0.868142
1711 0.868358
1712 0.868612
1713 0.868863
1714 0.869078
1715 0.869248
1716 0.869431
1717 0.869623
1718 0.869838
1719 0.870029
1720 0.870195
1721 0.870376
1722 0.870567
1723 0.870707
1724 0.870885
1725 0.871056
1726 0.871211
1727 0.871361
1728 0.871493
1729 0.871630
1730 0.871777
1731 0.871948
1732 0.872099
1733 0.872265
1734 0.872420
1735 0.872580
1736 0.872781
1737 0.872958
1738 0.873117
1739 0.873303
1740 0.873455
1741 0.873624
1742 0.873778
1743 0.873946
1744 0.874112
1745 0.874259
1746 0.874433
1747 0.874589
1748 0.874762
1749 0.874951
1750 0.875102
1751 0.875255
1752 0.875389
1753 0.875538
1754 0.875693
1755 0.875845
1756 0.876010
1757 0.876167
1758 0.876344
1759 0.876498
1760 0.876641
1761 0.876792
1762 0.876918
1763 0.877077
1764 0.877225
1765 0.877349
1766 0.877474
1767 0.877604
1768 0.877750
1769 0.877888
1770 0.878015
1771 0.878170
1772 0.878301
1773 0.878445
1774 0.878569
1775 0.878704
1776 0.878855
1777 0.879018
1778 0.879191
1779 0.879347
1780 0.879508
1781 0.879691
1782 0.879847
1783 0.880025
1784 0.880207
1785 0.880396
1786 0.880578
1787 0.880746
1788 0.880916
1789 0.881084
1790 0.881250
1791 0.881428
1792 0.881610
1793 0.881781
1794 0.881956
1795 0.882135
1796 0.882292
1797 0.882425
1798 0.882600
1799 0.882770
1800 0.882925
1801 0.883062
1802 0.883200
1803 0.883344
1804 0.883497
1805 0.883654
1806 0.883801
1807 0.883953
1808 0.884113
1809 0.884280
1810 0.884417
1811 0.884542
1812 0.884689
1813 0.884855
1814 0.885009
1815 0.885171
1816 0.885350
1817 0.885528
1818 0.885707
1819 0.885883
1820 0.886058
1821 0.886232
1822 0.886414
1823 0.886587
1824 0.886721
1825 0.886843
1826 0.886971
1827 0.887119
1828 0.887254
1829 0.887384
1830 0.887531
1831 0.887654
1832 0.887731
1833 0.887821
1834 0.887900
1835 0.887979
1836 0.888049
1837 0.888103
1838 0.888155
1839 0.888219
1840 0.888297
1841 0.888368
1842 0.888461
1843 0.888561
1844 0.888666
1845 0.888740
1846 0.888793
1847 0.888859
1848 0.888917
1849 0.888963
1850 0.889032
1851 0.889108
1852 0.889192
1853 0.889301
1854 0.889409
1855 0.889507
1856 0.889602
1857 0.889721
1858 0.889815
1859 0.889888
1860 0.889943
1861 0.890018
1862 0.890111
1863 0.890205
1864 0.890328
1865 0.890476
1866 0.890617
1867 0.890735
1868 0.890845
1869 0.890962
1870 0.891057
1871 0.891157
1872 0.891261
1873 0.891356
1874 0.891427
1875 0.891508
1876 0.891608
1877 0.891719
1878 0.891837
1879 0.891957
1880 0.892050
1881 0.892095
1882 0.892104
1883 0.892118
1884 0.892153
1885 0.892198
1886 0.892241
1887 0.892291
1888 0.892318
1889 0.892344
1890 0.892394
1891 0.892431
1892 0.892452
1893 0.892478
1894 0.892472
1895 0.892452
1896 0.892440
1897 0.892496
1898 0.892538
1899 0.892569
1900 0.892569
1901 0.892541
1902 0.892511
1903 0.892472
1904 0.892426
1905 0.892379
1906 0.892359
1907 0.892311
1908 0.892267
1909 0.892226
1910 0.892155
1911 0.892108
1912 0.892056
1913 0.891967
1914 0.891906
1915 0.891872
1916 0.891813
1917 0.891780
1918 0.891818
1919 0.891828
1920 0.891888
1921 0.891960
1922 0.891976
1923 0.892039
1924 0.892132
1925 0.892151
1926 0.892195
1927 0.892185
1928 0.892157
1929 0.892144
1930 0.892094
1931 0.892014
1932 0.891952
1933 0.891847
1934 0.891687
1935 0.891565
1936 0.891370
1937 0.891182
1938 0.890979
1939 0.890733
1940 0.890472
1941 0.890244
1942 0.890042
1943 0.889856
1944 0.889666
1945 0.889479
1946 0.889316
1947 0.889177
1948 0.889047
1949 0.888904
1950 0.888770
1951 0.888660
1952 0.888514
1953 0.888393
1954 0.888327
1955 0.888307
1956 0.888232
1957 0.888167
1958 0.888116
1959 0.888038
1960 0.887989
1961 0.887950
1962 0.887874
1963 0.887767
1964 0.887719
1965 0.887682
1966 0.887596
1967 0.887509
1968 0.887458
1969 0.887341
1970 0.887185
1971 0.887013
1972 0.886859
1973 0.886697
