1767
208 3.148369
209 3.059097
210 2.978036
211 2.904127
212 2.836913
213 2.776507
214 2.722395
215 2.672066
216 2.625496
217 2.582539
218 2.542102
219 2.503427
220 2.465546
221 2.428492
222 2.392426
223 2.356379
224 2.320063
225 2.283457
226 2.246331
227 2.208804
228 2.170142
229 2.130236
230 2.089615
231 2.049101
232 2.008755
233 1.969146
234 1.930235
235 1.891303
236 1.853993
237 1.817945
238 1.782601
239 1.748643
240 1.716231
241 1.684999
242 1.654947
243 1.626419
244 1.599464
245 1.574015
246 1.549999
247 1.527201
248 1.505524
249 1.484165
250 1.463584
251 1.444384
252 1.425563
253 1.407334
254 1.389660
255 1.372626
256 1.355486
257 1.338828
258 1.322722
259 1.307240
260 1.292968
261 1.279704
262 1.267549
263 1.256454
264 1.246224
265 1.237049
266 1.228651
267 1.221067
268 1.213987
269 1.207718
270 1.202230
271 1.197348
272 1.192978
273 1.188864
274 1.184941
275 1.181433
276 1.177808
277 1.174162
278 1.169860
279 1.165082
280 1.159815
281 1.153976
282 1.147734
283 1.141005
284 1.133792
285 1.126116
286 1.117813
287 1.109105
288 1.100417
289 1.091483
290 1.082728
291 1.073668
292 1.064588
293 1.055609
294 1.047229
295 1.039275
296 1.031626
297 1.024186
298 1.016871
299 1.009904
300 1.003127
301 0.996348
302 0.989880
303 0.984038
304 0.978360
305 0.973152
306 0.968200
307 0.963701
308 0.959467
309 0.955630
310 0.952141
311 0.948580
312 0.945430
313 0.942743
314 0.940130
315 0.938386
316 0.937137
317 0.936428
318 0.935914
319 0.935283
320 0.935039
321 0.934922
322 0.934744
323 0.935210
324 0.936083
325 0.936396
326 0.936631
327 0.937460
328 0.938517
329 0.939865
330 0.941263
331 0.942349
332 0.943462
333 0.945204
334 0.946593
335 0.948104
336 0.949059
337 0.950148
338 0.951648
339 0.951882
340 0.951630
341 0.951501
342 0.950727
343 0.949157
344 0.946425
345 0.943489
346 0.940158
347 0.935985
348 0.931307
349 0.925485
350 0.920025
351 0.913974
352 0.907903
353 0.901051
354 0.893407
355 0.885633
356 0.877849
357 0.869688
358 0.861512
359 0.853101
360 0.845074
361 0.836135
362 0.827054
363 0.817833
364 0.808436
365 0.798910
366 0.788976
367 0.779057
368 0.768836
369 0.758764
370 0.748998
371 0.739671
372 0.730572
373 0.721662
374 0.713256
375 0.705258
376 0.697516
377 0.690449
378 0.684046
379 0.678174
380 0.672834
381 0.668001
382 0.663571
383 0.659447
384 0.655752
385 0.652320
386 0.648968
387 0.645772
388 0.642373
389 0.639307
390 0.636224
391 0.633130
392 0.630040
393 0.626908
394 0.623691
395 0.620446
396 0.617219
397 0.613982
398 0.610784
399 0.607679
400 0.604749
401 0.602021
402 0.599499
403 0.597281
404 0.595491
405 0.594129
406 0.593333
407 0.593177
408 0.593714
409 0.595002
410 0.597082
411 0.599972
412 0.603624
413 0.607994
414 0.613084
415 0.618870
416 0.625291
417 0.632214
418 0.639580
419 0.647320
420 0.655293
421 0.663419
422 0.671520
423 0.679454
424 0.687127
425 0.694490
426 0.701491
427 0.708051
428 0.714158
429 0.719810
430 0.724999
431 0.729746
432 0.734056
433 0.738011
434 0.741615
435 0.744917
436 0.747978
437 0.750790
438 0.753406
439 0.755865
440 0.758189
441 0.760388
442 0.762508
443 0.764512
444 0.766436
445 0.768237
446 0.769948
447 0.771566
448 0.773044
449 0.774330
450 0.775484
451 0.776495
452 0.777378
453 0.778157
454 0.778856
455 0.779491
456 0.780151
457 0.780815
458 0.781435
459 0.782103
460 0.782850
461 0.783718
462 0.784654
463 0.785604
464 0.786635
465 0.787805
466 0.789051
467 0.790322
468 0.791560
469 0.792787
470 0.793948
471 0.795079
472 0.796131
473 0.797121
474 0.798073
475 0.798963
476 0.799694
477 0.800222
478 0.800642
479 0.801015
480 0.801307
481 0.801516
482 0.801641
483 0.801726
484 0.801842
485 0.801953
486 0.802153
487 0.802409
488 0.802692
489 0.802992
490 0.803325
491 0.803696
492 0.804175
493 0.804778
494 0.805441
495 0.806129
496 0.806878
497 0.807648
498 0.808421
499 0.809166
500 0.809893
501 0.810623
502 0.811242
503 0.811777
504 0.812263
505 0.812667
506 0.813004
507 0.813277
508 0.813489
509 0.813610
510 0.813665
511 0.813672
512 0.813607
513 0.813519
514 0.813432
515 0.813391
516 0.813355
517 0.813326
518 0.813389
519 0.813473
520 0.813620
521 0.813869
522 0.814167
523 0.814557
524 0.814987
525 0.815559
526 0.816242
527 0.816992
528 0.817833
529 0.818721
530 0.819655
531 0.820622
532 0.821586
533 0.822552
534 0.823509
535 0.824503
536 0.825449
537 0.826346
538 0.827190
539 0.828006
540 0.828714
541 0.829238
542 0.829682
543 0.829991
544 0.830213
545 0.830327
546 0.830385
547 0.830306
548 0.830191
549 0.829986
550 0.829779
551 0.829494
552 0.829232
553 0.828895
554 0.828591
555 0.828198
556 0.827845
557 0.827566
558 0.827257
559 0.827100
560 0.826986
561 0.826933
562 0.826922
563 0.826985
564 0.827183
565 0.827417
566 0.827724
567 0.828107
568 0.828519
569 0.828996
570 0.829526
571 0.830194
572 0.830896
573 0.831660
574 0.832530
575 0.833281
576 0.834064
577 0.834920
578 0.835749
579 0.836625
580 0.837373
581 0.838154
582 0.838864
583 0.839580
584 0.840192
585 0.840832
586 0.841376
587 0.841867
588 0.842284
589 0.842676
590 0.842902
591 0.843203
592 0.843385
593 0.843494
594 0.843501
595 0.843450
596 0.843395
597 0.843298
598 0.843127
599 0.842916
600 0.842737
601 0.842449
602 0.842220
603 0.841960
604 0.841757
605 0.841551
606 0.841514
607 0.841462
608 0.841448
609 0.841445
610 0.841546
611 0.841694
612 0.841849
613 0.842133
614 0.842449
615 0.842773
616 0.843128
617 0.843583
618 0.844128
619 0.844745
620 0.845323
621 0.845943
622 0.846558
623 0.847205
624 0.847905
625 0.848612
626 0.849413
627 0.850203
628 0.850980
629 0.851701
630 0.852464
631 0.853248
632 0.854088
633 0.854931
634 0.855680
635 0.856378
636 0.857126
637 0.857815
638 0.858460
639 0.859108
640 0.859726
641 0.860299
642 0.860771
643 0.861222
644 0.861653
645 0.862003
646 0.862307
647 0.862607
648 0.862793
649 0.862888
650 0.862923
651 0.862905
652 0.862837
653 0.862746
654 0.862619
655 0.862398
656 0.862149
657 0.861914
658 0.861641
659 0.861289
660 0.860949
661 0.860617
662 0.860264
663 0.859902
664 0.859565
665 0.859226
666 0.858918
667 0.858671
668 0.858422
669 0.858149
670 0.857855
671 0.857620
672 0.857411
673 0.857203
674 0.857039
675 0.857014
676 0.857037
677 0.857097
678 0.857187
679 0.857286
680 0.857433
681 0.857690
682 0.857934
683 0.858164
684 0.858511
685 0.858972
686 0.859481
687 0.859991
688 0.860558
689 0.861210
690 0.861901
691 0.862520
692 0.863171
693 0.863845
694 0.864539
695 0.865252
696 0.865958
697 0.866640
698 0.867359
699 0.868108
700 0.868852
701 0.869622
702 0.870379
703 0.871131
704 0.871819
705 0.872456
706 0.873103
707 0.873792
708 0.874435
709 0.874986
710 0.875524
711 0.876078
712 0.876601
713 0.877063
714 0.877502
715 0.877897
716 0.878237
717 0.878499
718 0.878765
719 0.878977
720 0.879127
721 0.879240
722 0.879279
723 0.879236
724 0.879149
725 0.879114
726 0.879040
727 0.878900
728 0.878739
729 0.878520
730 0.878263
731 0.877983
732 0.877633
733 0.877244
734 0.876809
735 0.876378
736 0.875964
737 0.875526
738 0.875123
739 0.874793
740 0.874383
741 0.873903
742 0.873511
743 0.873104
744 0.872692
745 0.872307
746 0.871931
747 0.871607
748 0.871311
749 0.870995
750 0.870657
751 0.870321
752 0.870043
753 0.869855
754 0.869671
755 0.869447
756 0.869287
757 0.869175
758 0.869046
759 0.868970
760 0.869007
761 0.869068
762 0.869095
763 0.869004
764 0.869031
765 0.869130
766 0.869320
767 0.869599
768 0.869880
769 0.870062
770 0.870255
771 0.870570
772 0.870898
773 0.871309
774 0.871684
775 0.872183
776 0.872625
777 0.873051
778 0.873475
779 0.874097
780 0.874606
781 0.875097
782 0.875636
783 0.876172
784 0.876717
785 0.877291
786 0.877889
787 0.878321
788 0.878884
789 0.879487
790 0.880080
791 0.880553
792 0.881089
793 0.881702
794 0.882315
795 0.882836
796 0.883318
797 0.883792
798 0.884309
799 0.884791
800 0.885164
801 0.885620
802 0.885997
803 0.886360
804 0.886688
805 0.886943
806 0.887173
807 0.887249
808 0.887368
809 0.887427
810 0.887484
811 0.887524
812 0.887705
813 0.887714
814 0.887503
815 0.887237
816 0.887235
817 0.887225
818 0.887149
819 0.887177
820 0.887064
821 0.886939
822 0.886782
823 0.886637
824 0.886430
825 0.886176
826 0.886074
827 0.885922
828 0.885729
829 0.885732
830 0.885543
831 0.885355
832 0.885067
833 0.884710
834 0.884377
835 0.883878
836 0.883668
837 0.883305
838 0.882916
839 0.882475
840 0.882292
841 0.882165
842 0.881424
843 0.880902
844 0.880564
845 0.880213
846 0.879862
847 0.879639
848 0.879527
849 0.879287
850 0.879142
851 0.878795
852 0.878109
853 0.877415
854 0.877440
855 0.877679
856 0.877596
857 0.877458
858 0.877772
859 0.878007
860 0.877917
861 0.877831
862 0.878006
863 0.878114
864 0.877965
865 0.878009
866 0.877987
867 0.878323
868 0.878766
869 0.879341
870 0.879325
871 0.879282
872 0.879192
873 0.879154
874 0.879182
875 0.879186
876 0.879230
877 0.879314
878 0.879400
879 0.879491
880 0.879625
881 0.879711
882 0.879867
883 0.880023
884 0.880164
885 0.880392
886 0.880534
887 0.880715
888 0.880926
889 0.881170
890 0.881500
891 0.881779
892 0.882075
893 0.882378
894 0.882650
895 0.882950
896 0.883275
897 0.883599
898 0.883901
899 0.884222
900 0.884570
901 0.884867
902 0.885244
903 0.885580
904 0.885930
905 0.886317
906 0.886610
907 0.886908
908 0.887240
909 0.887543
910 0.887901
911 0.888238
912 0.888566
913 0.888895
914 0.889210
915 0.889497
916 0.889807
917 0.890115
918 0.890409
919 0.890685
920 0.890948
921 0.891194
922 0.891445
923 0.891687
924 0.891938
925 0.892187
926 0.892417
927 0.892621
928 0.892819
929 0.893015
930 0.893210
931 0.893389
932 0.893557
933 0.893717
934 0.893841
935 0.893955
936 0.894066
937 0.894160
938 0.894250
939 0.894315
940 0.894359
941 0.894369
942 0.894371
943 0.894359
944 0.894344
945 0.894300
946 0.894244
947 0.894173
948 0.894080
949 0.893956
950 0.893835
951 0.893702
952 0.893567
953 0.893409
954 0.893255
955 0.893097
956 0.892924
957 0.892740
958 0.892543
959 0.892334
960 0.892104
961 0.891864
962 0.891624
963 0.891379
964 0.891126
965 0.890869
966 0.890603
967 0.890336
968 0.890053
969 0.889759
970 0.889454
971 0.889137
972 0.888825
973 0.888513
974 0.888195
975 0.887853
976 0.887514
977 0.887186
978 0.886849
979 0.886499
980 0.886147
981 0.885802
982 0.885460
983 0.885118
984 0.884768
985 0.884370
986 0.883902
987 0.883332
988 0.882707
989 0.882085
990 0.881419
991 0.880753
992 0.880122
993 0.879477
994 0.878780
995 0.878095
996 0.877518
997 0.876925
998 0.876219
999 0.875515
1000 0.874876
1001 0.874215
1002 0.873659
1003 0.873340
1004 0.873063
1005 0.872743
1006 0.872422
1007 0.872143
1008 0.871978
1009 0.871879
1010 0.871765
1011 0.871539
1012 0.871243
1013 0.871034
1014 0.871033
1015 0.871085
1016 0.871026
1017 0.871013
1018 0.871013
1019 0.870908
1020 0.870894
1021 0.870910
1022 0.870953
1023 0.870986
1024 0.870927
1025 0.870837
1026 0.870893
1027 0.871113
1028 0.871254
1029 0.871301
1030 0.871359
1031 0.871369
1032 0.871441
1033 0.871612
1034 0.871796
1035 0.871922
1036 0.871965
1037 0.872123
1038 0.872386
1039 0.872586
1040 0.872735
1041 0.872950
1042 0.873147
1043 0.873242
1044 0.873392
1045 0.873598
1046 0.873807
1047 0.874069
1048 0.874290
1049 0.874431
1050 0.874626
1051 0.874913
1052 0.875241
1053 0.875423
1054 0.875539
1055 0.875743
1056 0.876058
1057 0.876328
1058 0.876568
1059 0.876893
1060 0.877186
1061 0.877454
1062 0.877652
1063 0.877874
1064 0.878193
1065 0.878540
1066 0.878814
1067 0.879017
1068 0.879201
1069 0.879517
1070 0.879881
1071 0.880234
1072 0.880520
1073 0.880713
1074 0.880890
1075 0.881121
1076 0.881420
1077 0.881731
1078 0.882036
1079 0.882217
1080 0.882355
1081 0.882580
1082 0.882849
1083 0.883150
1084 0.883455
1085 0.883702
1086 0.883844
1087 0.883976
1088 0.884147
1089 0.884397
1090 0.884660
1091 0.884856
1092 0.885021
1093 0.885131
1094 0.885231
1095 0.885384
1096 0.885608
1097 0.885741
1098 0.885841
1099 0.885940
1100 0.886040
1101 0.886112
1102 0.886250
1103 0.886393
1104 0.886473
1105 0.886539
1106 0.886598
1107 0.886655
1108 0.886717
1109 0.886830
1110 0.886935
1111 0.887034
1112 0.887059
1113 0.887071
1114 0.887076
1115 0.887067
1116 0.887061
1117 0.887047
1118 0.887044
1119 0.887024
1120 0.887008
1121 0.886901
1122 0.886785
1123 0.886724
1124 0.886654
1125 0.886559
1126 0.886469
1127 0.886375
1128 0.886282
1129 0.886170
1130 0.886051
1131 0.885846
1132 0.885626
1133 0.885476
1134 0.885322
1135 0.885150
1136 0.884964
1137 0.884855
1138 0.884751
1139 0.884569
1140 0.884375
1141 0.884188
1142 0.883994
1143 0.883806
1144 0.883612
1145 0.883394
1146 0.883174
1147 0.883035
1148 0.882894
1149 0.882688
1150 0.882461
1151 0.882240
1152 0.882018
1153 0.881780
1154 0.881450
1155 0.881177
1156 0.880912
1157 0.880633
1158 0.880362
1159 0.880069
1160 0.879785
1161 0.879526
1162 0.879237
1163 0.878930
1164 0.878629
1165 0.878317
1166 0.878017
1167 0.877731
1168 0.877428
1169 0.877138
1170 0.876918
1171 0.876638
1172 0.876354
1173 0.876078
1174 0.875796
1175 0.875522
1176 0.875236
1177 0.874939
1178 0.874655
1179 0.874379
1180 0.874094
1181 0.873810
1182 0.873522
1183 0.873238
1184 0.872956
1185 0.872662
1186 0.872387
1187 0.872116
1188 0.871848
1189 0.871600
1190 0.871323
1191 0.871058
1192 0.870800
1193 0.870563
1194 0.870335
1195 0.870134
1196 0.869969
1197 0.869762
1198 0.869561
1199 0.869348
1200 0.869139
1201 0.868871
1202 0.868609
1203 0.868415
1204 0.868252
1205 0.868043
1206 0.867867
1207 0.867677
1208 0.867484
1209 0.867289
1210 0.867092
1211 0.866889
1212 0.866666
1213 0.866484
1214 0.866305
1215 0.866134
1216 0.865994
1217 0.865916
1218 0.865834
1219 0.865700
1220 0.865541
1221 0.865423
1222 0.865317
1223 0.865226
1224 0.865144
1225 0.865082
1226 0.865027
1227 0.864965
1228 0.864910
1229 0.864874
1230 0.864839
1231 0.864809
1232 0.864770
1233 0.864753
1234 0.864746
1235 0.864738
1236 0.864754
1237 0.864800
1238 0.864797
1239 0.864793
1240 0.864791
1241 0.864802
1242 0.864825
1243 0.864885
1244 0.864907
1245 0.864929
1246 0.864948
1247 0.864979
1248 0.865010
1249 0.865054
1250 0.865101
1251 0.865152
1252 0.865186
1253 0.865200
1254 0.865261
1255 0.865330
1256 0.865409
1257 0.865480
1258 0.865548
1259 0.865606
1260 0.865694
1261 0.865800
1262 0.865942
1263 0.866096
1264 0.866227
1265 0.866360
1266 0.866497
1267 0.866644
1268 0.866799
1269 0.866960
1270 0.867130
1271 0.867299
1272 0.867493
1273 0.867734
1274 0.867944
1275 0.868100
1276 0.868261
1277 0.868423
1278 0.868549
1279 0.868659
1280 0.868799
1281 0.868979
1282 0.869153
1283 0.869291
1284 0.869445
1285 0.869608
1286 0.869760
1287 0.869957
1288 0.870116
1289 0.870194
1290 0.870307
1291 0.870470
1292 0.870634
1293 0.870800
1294 0.870978
1295 0.871171
1296 0.871369
1297 0.871526
1298 0.871691
1299 0.871898
1300 0.872090
1301 0.872278
1302 0.872475
1303 0.872639
1304 0.872819
1305 0.873078
1306 0.873324
1307 0.873546
1308 0.873768
1309 0.873988
1310 0.874208
1311 0.874424
1312 0.874663
1313 0.874884
1314 0.875081
1315 0.875286
1316 0.875497
1317 0.875703
1318 0.875903
1319 0.876104
1320 0.876306
1321 0.876474
1322 0.876645
1323 0.876821
1324 0.877006
1325 0.877204
1326 0.877383
1327 0.877607
1328 0.877772
1329 0.877922
1330 0.878084
1331 0.878224
1332 0.878358
1333 0.878488
1334 0.878668
1335 0.878818
1336 0.878866
1337 0.878930
1338 0.879022
1339 0.879110
1340 0.879167
1341 0.879198
1342 0.879221
1343 0.879173
1344 0.879156
1345 0.879171
1346 0.879190
1347 0.879210
1348 0.879222
1349 0.879245
1350 0.879110
1351 0.878942
1352 0.878969
1353 0.878905
1354 0.878894
1355 0.878933
1356 0.878884
1357 0.878830
1358 0.878786
1359 0.878775
1360 0.878754
1361 0.878736
1362 0.878724
1363 0.878718
1364 0.878719
1365 0.878707
1366 0.878804
1367 0.879078
1368 0.879266
1369 0.879530
1370 0.879603
1371 0.879556
1372 0.879673
1373 0.879869
1374 0.880096
1375 0.880314
1376 0.880512
1377 0.880671
1378 0.880822
1379 0.880967
1380 0.881099
1381 0.881232
1382 0.881363
1383 0.881346
1384 0.881311
1385 0.881270
1386 0.881330
1387 0.881478
1388 0.881543
1389 0.881549
1390 0.881527
1391 0.881494
1392 0.881471
1393 0.881459
1394 0.881308
1395 0.881139
1396 0.880973
1397 0.880809
1398 0.880755
1399 0.880722
1400 0.880672
1401 0.880499
1402 0.880454
1403 0.880390
1404 0.880235
1405 0.880058
1406 0.879971
1407 0.879746
1408 0.879638
1409 0.879552
1410 0.879595
1411 0.879527
1412 0.879454
1413 0.879488
1414 0.879332
1415 0.879230
1416 0.879139
1417 0.879132
1418 0.878983
1419 0.878847
1420 0.878797
1421 0.878748
1422 0.878602
1423 0.878598
1424 0.878447
1425 0.878273
1426 0.878091
1427 0.878022
1428 0.877922
1429 0.877721
1430 0.877562
1431 0.877343
1432 0.876986
1433 0.876652
1434 0.876293
1435 0.876067
1436 0.875853
1437 0.875633
1438 0.875399
1439 0.875142
1440 0.874903
1441 0.874685
1442 0.874453
1443 0.874229
1444 0.874008
1445 0.873765
1446 0.873514
1447 0.873142
1448 0.873026
1449 0.872902
1450 0.872800
1451 0.872551
1452 0.872296
1453 0.872043
1454 0.871791
1455 0.871545
1456 0.871287
1457 0.871014
1458 0.870759
1459 0.870497
1460 0.870129
1461 0.869872
1462 0.869632
1463 0.869499
1464 0.869233
1465 0.868961
1466 0.868707
1467 0.868457
1468 0.868212
1469 0.867979
1470 0.867730
1471 0.867505
1472 0.867299
1473 0.867084
1474 0.866740
1475 0.866401
1476 0.866172
1477 0.865855
1478 0.865657
1479 0.865484
1480 0.865305
1481 0.865128
1482 0.864938
1483 0.864743
1484 0.864549
1485 0.864307
1486 0.863975
1487 0.863654
1488 0.863434
1489 0.863223
1490 0.863135
1491 0.863035
1492 0.862943
1493 0.862832
1494 0.862618
1495 0.862394
1496 0.862180
1497 0.861935
1498 0.861609
1499 0.861404
1500 0.861198
1501 0.860986
1502 0.860816
1503 0.860726
1504 0.860534
1505 0.860350
1506 0.860130
1507 0.859855
1508 0.859680
1509 0.859512
1510 0.859340
1511 0.859117
1512 0.858791
1513 0.858546
1514 0.858483
1515 0.858308
1516 0.858143
1517 0.857991
1518 0.857832
1519 0.857562
1520 0.857294
1521 0.857067
1522 0.856989
1523 0.856978
1524 0.856862
1525 0.856741
1526 0.856619
1527 0.856548
1528 0.856561
1529 0.856468
1530 0.856224
1531 0.855968
1532 0.855757
1533 0.855659
1534 0.855630
1535 0.855612
1536 0.855614
1537 0.855564
1538 0.855412
1539 0.855271
1540 0.855150
1541 0.855029
1542 0.854917
1543 0.854809
1544 0.854715
1545 0.854742
1546 0.854934
1547 0.855218
1548 0.855513
1549 0.855743
1550 0.855991
1551 0.856239
1552 0.856475
1553 0.856720
1554 0.856976
1555 0.857229
1556 0.857477
1557 0.857730
1558 0.857991
1559 0.858258
1560 0.858534
1561 0.858759
1562 0.858881
1563 0.858927
1564 0.858916
1565 0.858903
1566 0.858892
1567 0.858877
1568 0.858871
1569 0.858865
1570 0.858857
1571 0.858840
1572 0.858840
1573 0.858857
1574 0.858875
1575 0.858890
1576 0.858907
1577 0.858929
1578 0.858961
1579 0.858996
1580 0.859034
1581 0.859062
1582 0.859082
1583 0.859111
1584 0.859150
1585 0.859200
1586 0.859253
1587 0.859309
1588 0.859362
1589 0.859406
1590 0.859453
1591 0.859500
1592 0.859553
1593 0.859612
1594 0.859664
1595 0.859722
1596 0.859779
1597 0.859847
1598 0.859936
1599 0.860025
1600 0.860105
1601 0.860179
1602 0.860258
1603 0.860340
1604 0.860420
1605 0.860486
1606 0.860561
1607 0.860642
1608 0.860722
1609 0.860814
1610 0.860916
1611 0.861004
1612 0.861108
1613 0.861213
1614 0.861308
1615 0.861408
1616 0.861514
1617 0.861620
1618 0.861708
1619 0.861804
1620 0.861910
1621 0.862024
1622 0.862133
1623 0.862246
1624 0.862366
1625 0.862475
1626 0.862567
1627 0.862671
1628 0.862785
1629 0.862888
1630 0.863003
1631 0.863114
1632 0.863221
1633 0.863332
1634 0.863461
1635 0.863583
1636 0.863711
1637 0.863837
1638 0.863974
1639 0.864112
1640 0.864243
1641 0.864369
1642 0.864515
1643 0.864658
1644 0.864785
1645 0.864916
1646 0.865048
1647 0.865182
1648 0.865331
1649 0.865469
1650 0.865610
1651 0.865771
1652 0.865917
1653 0.866064
1654 0.866198
1655 0.866318
1656 0.866455
1657 0.866595
1658 0.866704
1659 0.866832
1660 0.866959
1661 0.867074
1662 0.867170
1663 0.867273
1664 0.867369
1665 0.867474
1666 0.867574
1667 0.867636
1668 0.867703
1669 0.867765
1670 0.867847
1671 0.867924
1672 0.868008
1673 0.868094
1674 0.868215
1675 0.868319
1676 0.868429
1677 0.868553
1678 0.868701
1679 0.868840
1680 0.868985
1681 0.869104
1682 0.869257
1683 0.869423
1684 0.869614
1685 0.869824
1686 0.870029
1687 0.870230
1688 0.870443
1689 0.870644
1690 0.870855
1691 0.871072
1692 0.871299
1693 0.871530
1694 0.871788
1695 0.872043
1696 0.872283
1697 0.872568
1698 0.872827
1699 0.873128
1700 0.873403
1701 0.873651
1702 0.873904
1703 0.874166
1704 0.874423
1705 0.874684
1706 0.874932
1707 0.875172
1708 0.875396
1709 0.875589
1710 0.875782
1711 0.875984
1712 0.876204
1713 0.876401
1714 0.876601
1715 0.876751
1716 0.876913
1717 0.877070
1718 0.877237
1719 0.877403
1720 0.877526
1721 0.877666
1722 0.877827
1723 0.877970
1724 0.878115
1725 0.878286
1726 0.878428
1727 0.878563
1728 0.878673
1729 0.878799
1730 0.878915
1731 0.879057
1732 0.879181
1733 0.879326
1734 0.879460
1735 0.879583
1736 0.879715
1737 0.879863
1738 0.879975
1739 0.880090
1740 0.880198
1741 0.880301
1742 0.880406
1743 0.880497
1744 0.880579
1745 0.880655
1746 0.880740
1747 0.880813
1748 0.880908
1749 0.881011
1750 0.881092
1751 0.881185
1752 0.881290
1753 0.881363
1754 0.881449
1755 0.881547
1756 0.881649
1757 0.881736
1758 0.881816
1759 0.881918
1760 0.882024
1761 0.882111
1762 0.882208
1763 0.882298
1764 0.882380
1765 0.882445
1766 0.882510
1767 0.882579
1768 0.882632
1769 0.882684
1770 0.882725
1771 0.882770
1772 0.882817
1773 0.882883
1774 0.882946
1775 0.882995
1776 0.883057
1777 0.883121
1778 0.883158
1779 0.883200
1780 0.883248
1781 0.883307
1782 0.883351
1783 0.883414
1784 0.883497
1785 0.883563
1786 0.883628
1787 0.883688
1788 0.883736
1789 0.883788
1790 0.883829
1791 0.883881
1792 0.883937
1793 0.883976
1794 0.884021
1795 0.884070
1796 0.884099
1797 0.884113
1798 0.884139
1799 0.884142
1800 0.884147
1801 0.884178
1802 0.884203
1803 0.884219
1804 0.884240
1805 0.884256
1806 0.884283
1807 0.884305
1808 0.884328
1809 0.884357
1810 0.884358
1811 0.884348
1812 0.884332
1813 0.884309
1814 0.884299
1815 0.884303
1816 0.884302
1817 0.884296
1818 0.884306
1819 0.884308
1820 0.884306
1821 0.884312
1822 0.884314
1823 0.884293
1824 0.884252
1825 0.884213
1826 0.884199
1827 0.884197
1828 0.884217
1829 0.884267
1830 0.884283
1831 0.884268
1832 0.884247
1833 0.884231
1834 0.884195
1835 0.884176
1836 0.884160
1837 0.884144
1838 0.884121
1839 0.884118
1840 0.884136
1841 0.884167
1842 0.884194
1843 0.884202
1844 0.884209
1845 0.884184
1846 0.884160
1847 0.884144
1848 0.884110
1849 0.884080
1850 0.884055
1851 0.884014
1852 0.883996
1853 0.883969
1854 0.883914
1855 0.883868
1856 0.883814
1857 0.883724
1858 0.883626
1859 0.883534
1860 0.883422
1861 0.883349
1862 0.883277
1863 0.883196
1864 0.883137
1865 0.883066
1866 0.882966
1867 0.882889
1868 0.882807
1869 0.882743
1870 0.882694
1871 0.882638
1872 0.882570
1873 0.882534
1874 0.882479
1875 0.882426
1876 0.882415
1877 0.882409
1878 0.882409
1879 0.882418
1880 0.882407
1881 0.882372
1882 0.882344
1883 0.882299
1884 0.882225
1885 0.882167
1886 0.882120
1887 0.882041
1888 0.881960
1889 0.881897
1890 0.881849
1891 0.881804
1892 0.881712
1893 0.881581
1894 0.881441
1895 0.881302
1896 0.881203
1897 0.881151
1898 0.881104
1899 0.881076
1900 0.881036
1901 0.880994
1902 0.880931
1903 0.880918
1904 0.880895
1905 0.880851
1906 0.880813
1907 0.880786
1908 0.880789
1909 0.880787
1910 0.880762
1911 0.880747
1912 0.880716
1913 0.880676
1914 0.880628
1915 0.880572
1916 0.880512
1917 0.880435
1918 0.880365
1919 0.880246
1920 0.880151
1921 0.880087
1922 0.879981
1923 0.879874
1924 0.879763
1925 0.879637
1926 0.879538
1927 0.879433
1928 0.879299
1929 0.879164
1930 0.879036
1931 0.878901
1932 0.878749
1933 0.878591
1934 0.878450
1935 0.878324
1936 0.878161
1937 0.877997
1938 0.877819
1939 0.877658
1940 0.877482
1941 0.877337
1942 0.877204
1943 0.877069
1944 0.876912
1945 0.876747
1946 0.876579
1947 0.876444
1948 0.876328
1949 0.876213
1950 0.876059
1951 0.875936
1952 0.875769
1953 0.875579
1954 0.875449
1955 0.875313
1956 0.875147
1957 0.874975
1958 0.874806
1959 0.874625
1960 0.874455
1961 0.874332
1962 0.874183
1963 0.873968
1964 0.873785
1965 0.873577
1966 0.873404
1967 0.873245
1968 0.873119
1969 0.873004
1970 0.872849
1971 0.872711
1972 0.872582
1973 0.872433
